USFMH Diagnostic Dump
Sample mode: 7
Sample rate: 48000 Hz
Original samples: 144000
Filtered samples: 144000
FIR taps: 501
Number of bands: 32

======================================================================
ORIGINAL AUDIO STATISTICS
======================================================================
  min: -0.484863
  max: 0.484863
  mean: -0.000000
  rms: 0.118876

======================================================================
FILTERED AUDIO STATISTICS
======================================================================
  min: -1.000000
  max: 0.999969
  mean: 0.001272
  rms: 0.397439

======================================================================
ORIGINAL FFT — TOP 20 PEAKS (positive freqs, up to 20 kHz)
======================================================================
   1.   15000.00 Hz  amplitude=2934.7766
   2.      30.00 Hz  amplitude=2181.4907
   3.      85.00 Hz  amplitude=2181.4590
   4.       1.00 Hz  amplitude=2181.4561
   5.      69.00 Hz  amplitude=2181.4529
   6.     105.00 Hz  amplitude=2181.4473
   7.     130.00 Hz  amplitude=2181.4121
   8.     160.00 Hz  amplitude=2181.3999
   9.     197.00 Hz  amplitude=2181.3315
  10.     243.00 Hz  amplitude=2181.2725
  11.     370.00 Hz  amplitude=2180.9556
  12.     300.00 Hz  amplitude=2180.8823
  13.     456.00 Hz  amplitude=2180.7292
  14.     562.00 Hz  amplitude=2180.3215
  15.     693.00 Hz  amplitude=2179.7380
  16.     854.00 Hz  amplitude=2178.7971
  17.    1052.00 Hz  amplitude=2177.4080
  18.    1296.00 Hz  amplitude=2175.2979
  19.    1596.00 Hz  amplitude=2172.1267
  20.    1967.00 Hz  amplitude=2167.2556

======================================================================
FILTERED FFT — TOP 20 PEAKS (positive freqs, up to 20 kHz)
======================================================================
   1.       1.00 Hz  amplitude=1295.3113
   2.      29.67 Hz  amplitude=977.1238
   3.     162.67 Hz  amplitude=971.4509
   4.    2066.33 Hz  amplitude=887.4328
   5.     103.67 Hz  amplitude=873.8188
   6.     981.00 Hz  amplitude=857.6509
   7.     395.67 Hz  amplitude=857.3066
   8.    2993.00 Hz  amplitude=853.8266
   9.    2528.67 Hz  amplitude=849.2959
  10.     234.67 Hz  amplitude=845.4842
  11.      12.33 Hz  amplitude=836.3555
  12.    4666.00 Hz  amplitude=823.8955
  13.      84.00 Hz  amplitude=816.4990
  14.    1642.00 Hz  amplitude=815.4582
  15.     495.00 Hz  amplitude=815.4433
  16.    1978.33 Hz  amplitude=802.7469
  17.    1153.00 Hz  amplitude=789.5919
  18.    1285.33 Hz  amplitude=782.0632
  19.     645.67 Hz  amplitude=781.6091
  20.      24.33 Hz  amplitude=781.2251

======================================================================
PER-BAND FILTER ANALYSIS
Band        fmin        fmax     fcenter   Peak dB   Gain@ctr   Orig energy   Filt energy     Ratio
----------------------------------------------------------------------------------------------------
   0       33.50       41.50       37.50      0.37      -0.01          0.02    2938672.25  159473568.0000
   1       41.50       51.00       46.25      0.54      -0.01          0.02    2167163.75  96228320.0000
   2       51.00       62.50       56.75      0.75       0.03          0.22    3338654.50  15016879.0000
   3       62.50       77.00       69.75      0.99      -0.02    4758736.50    5094723.50    1.0706
   4       77.00       95.00       86.00      1.19       0.03    4758763.50    6121448.00    1.2864
   5       95.00      117.50      106.25      1.10       0.02    4758712.00    7506127.50    1.5773
   6      117.50      145.00      131.25      0.35      -0.01    4758559.00    8633424.00    1.8143
   7      145.00      178.50      161.75      0.02       0.00    4758505.50    9557573.00    2.0085
   8      178.50      220.00      199.25      0.00       0.00    4758368.00   13491474.00    2.8353
   9      220.00      271.50      245.75     -0.00      -0.00    4758110.00   13774514.00    2.8950
  10      271.50      335.00      303.25     -0.00      -0.00    4756247.50   16579306.00    3.4858
  11      335.00      413.00      374.00     -0.00      -0.00    4756567.00   17532348.00    3.6859
  12      413.00      509.00      461.00     -0.00      -0.00    4755910.50   23596400.00    4.9615
  13      509.00      627.50      568.25     -0.00      -0.00    4754083.50   28711042.00    6.0392
  14      627.50      773.50      700.50     -0.00      -0.00    4751916.50   33582232.00    7.0671
  15      773.50      953.00      863.25     -0.00      -0.00    4747344.50   41541288.00    8.7504
  16      953.00     1174.00     1063.50      0.00       0.00    4741106.50   53865704.00   11.3614
  17     1174.00     1446.00     1310.00     -0.00      -0.00    4732277.00   64502680.00   13.6304
  18     1446.00     1781.50     1613.75     -0.00      -0.00    4718857.50   74390976.00   15.7646
  19     1781.50     2195.50     1988.50     -0.00      -0.00    4697063.50   83842768.00   17.8500
  20     2195.50     2705.00     2450.25     -0.00      -0.00    4665698.50  109638320.00   23.4988
  21     2705.00     3333.00     3019.00     -0.00      -0.00    4619632.00  109227336.00   23.6442
  22     3333.00     4107.00     3720.00     -0.00      -0.00    4545952.00  127724432.00   28.0963
  23     4107.00     5060.00     4583.50      0.00       0.00    4441546.00  134948288.00   30.3832
  24     5060.00     6234.50     5647.25      0.00       0.00    4282910.00  133053112.00   31.0661
  25     6234.50     7681.00     6957.75      0.00      -0.00    4062929.75  109555864.00   26.9647
  26     7681.00     8739.50     8210.25      0.00      -0.00    3722854.00   61427608.00   16.5001
  27     8739.50     9722.50     9231.00      0.00       0.00    3605719.75   38267032.00   10.6129
  28     9722.50    12722.50    11222.50      0.00       0.00    6392118.00   90397552.00   14.1420
  29    12722.50    15000.00    13861.25      0.00       0.00    8659381.00   52597520.00    6.0741
  30    15000.00    17500.00    16250.00      0.00       0.00    8703810.00   53040124.00    6.0939
  31    17500.00    20000.00    18750.00      0.00       0.00    5036103.00   39700856.00    7.8832

======================================================================
ORIGINAL FFT DATA (freq_hz, amplitude) — positive freqs <= 20 kHz
======================================================================
0.00	0.027069
10.00	0.027085
20.00	0.028116
30.00	2181.490723
40.00	0.029281
50.00	0.034028
60.00	0.030762
70.00	0.030832
80.00	0.031709
90.00	0.027850
100.00	0.146099
110.00	0.027076
120.00	0.029029
130.00	2181.412109
140.00	0.028640
150.00	0.029277
160.00	2181.399902
170.00	0.027937
180.00	0.029612
190.00	0.032295
200.00	0.302813
210.00	0.027933
220.00	12.660156
230.00	0.027078
240.00	0.027137
250.00	0.027056
260.00	0.030431
270.00	0.032078
280.00	0.027076
290.00	0.032277
300.00	2180.882324
310.00	0.028532
320.00	0.028973
330.00	0.027417
340.00	0.035602
350.00	0.028062
360.00	0.029091
370.00	2180.955566
380.00	0.027762
390.00	0.028953
400.00	0.286632
410.00	0.028741
420.00	0.030749
430.00	0.030338
440.00	0.027044
450.00	0.032056
460.00	0.027090
470.00	0.028219
480.00	0.027212
490.00	0.028520
500.00	14.606217
510.00	0.027623
520.00	0.030755
530.00	0.027262
540.00	0.027032
550.00	0.028077
560.00	0.027065
570.00	0.034123
580.00	0.029266
590.00	0.026995
600.00	16.751951
610.00	0.029134
620.00	0.027100
630.00	0.034158
640.00	0.027000
650.00	0.028000
660.00	0.027096
670.00	0.027879
680.00	0.029899
690.00	0.027394
700.00	10.127340
710.00	0.027074
720.00	0.028024
730.00	0.030690
740.00	0.027023
750.00	0.028062
760.00	0.028127
770.00	0.029380
780.00	0.027045
790.00	0.032597
800.00	0.501360
810.00	0.027174
820.00	0.026998
830.00	0.026912
840.00	0.027050
850.00	0.027510
860.00	0.026903
870.00	0.026897
880.00	0.028267
890.00	0.038474
900.00	0.619183
910.00	0.029620
920.00	0.028617
930.00	0.027700
940.00	0.027086
950.00	0.027815
960.00	0.026903
970.00	0.030024
980.00	0.087134
990.00	0.027081
1000.00	0.515259
1010.00	0.028017
1020.00	0.027719
1030.00	0.028337
1040.00	0.026821
1050.00	0.028996
1060.00	0.027430
1070.00	0.034570
1080.00	0.029334
1090.00	0.036192
1100.00	0.187631
1110.00	0.028669
1120.00	0.026916
1130.00	0.026953
1140.00	0.026908
1150.00	0.031214
1160.00	0.027013
1170.00	0.031082
1180.00	0.031445
1190.00	0.027334
1200.00	16.145504
1210.00	0.027201
1220.00	0.030412
1230.00	0.027304
1240.00	0.033549
1250.00	0.027776
1260.00	0.026775
1270.00	0.036093
1280.00	0.037324
1290.00	0.026875
1300.00	0.178582
1310.00	0.026764
1320.00	0.029635
1330.00	0.026694
1340.00	0.026666
1350.00	0.027674
1360.00	0.026647
1370.00	0.030066
1380.00	0.029328
1390.00	0.035187
1400.00	0.227978
1410.00	0.026792
1420.00	0.132296
1430.00	0.027626
1440.00	0.026590
1450.00	0.027013
1460.00	0.032008
1470.00	0.028017
1480.00	0.029733
1490.00	0.026845
1500.00	0.365773
1510.00	0.026553
1520.00	0.029486
1530.00	0.027180
1540.00	0.026563
1550.00	0.040569
1560.00	0.029858
1570.00	0.027207
1580.00	0.032574
1590.00	0.026547
1600.00	0.207857
1610.00	0.027762
1620.00	0.026588
1630.00	0.028361
1640.00	0.027980
1650.00	0.027567
1660.00	0.027966
1670.00	0.026523
1680.00	0.032388
1690.00	0.026563
1700.00	1.500843
1710.00	0.029425
1720.00	0.030808
1730.00	0.031622
1740.00	0.027304
1750.00	0.026894
1760.00	0.034818
1770.00	0.031869
1780.00	0.028364
1790.00	0.033641
1800.00	5.383307
1810.00	0.029267
1820.00	0.031292
1830.00	0.026602
1840.00	0.027838
1850.00	0.029158
1860.00	0.028750
1870.00	0.031411
1880.00	0.026289
1890.00	0.029248
1900.00	1.318455
1910.00	0.026548
1920.00	0.026760
1930.00	0.028964
1940.00	0.028524
1950.00	0.026341
1960.00	0.026819
1970.00	0.027161
1980.00	0.026174
1990.00	0.029547
2000.00	1.185575
2010.00	0.027218
2020.00	0.030953
2030.00	0.027262
2040.00	0.026335
2050.00	0.027306
2060.00	0.026623
2070.00	0.028343
2080.00	0.026120
2090.00	0.029518
2100.00	4.166024
2110.00	0.026200
2120.00	0.026316
2130.00	0.026107
2140.00	0.032708
2150.00	0.028686
2160.00	0.026140
2170.00	0.032319
2180.00	0.032233
2190.00	0.030867
2200.00	1.324456
2210.00	0.026627
2220.00	0.026117
2230.00	0.026190
2240.00	0.026378
2250.00	0.026484
2260.00	0.026594
2270.00	0.025934
2280.00	0.026486
2290.00	0.029169
2300.00	0.213131
2310.00	0.026599
2320.00	0.026537
2330.00	0.027116
2340.00	0.031188
2350.00	0.029539
2360.00	0.026718
2370.00	0.030845
2380.00	0.030169
2390.00	0.029087
2400.00	0.399195
2410.00	0.026233
2420.00	0.038105
2430.00	0.025721
2440.00	0.025831
2450.00	0.027251
2460.00	0.028509
2470.00	0.036225
2480.00	0.117551
2490.00	0.031114
2500.00	0.199330
2510.00	0.026439
2520.00	0.028463
2530.00	0.025598
2540.00	0.035141
2550.00	0.026982
2560.00	0.025819
2570.00	0.026301
2580.00	0.027023
2590.00	0.032088
2600.00	0.195056
2610.00	0.025641
2620.00	0.035834
2630.00	0.032161
2640.00	0.027707
2650.00	0.035229
2660.00	0.028175
2670.00	0.028371
2680.00	0.026155
2690.00	0.025714
2700.00	7.580324
2710.00	0.026052
2720.00	0.025551
2730.00	0.025784
2740.00	0.027657
2750.00	0.027699
2760.00	0.030439
2770.00	0.025543
2780.00	0.028404
2790.00	0.032770
2800.00	0.158498
2810.00	0.027590
2820.00	0.032959
2830.00	0.026080
2840.00	0.025867
2850.00	0.025340
2860.00	0.027043
2870.00	0.027686
2880.00	0.025296
2890.00	0.025480
2900.00	0.565173
2910.00	0.025254
2920.00	0.069067
2930.00	0.025180
2940.00	0.038467
2950.00	0.025928
2960.00	0.029396
2970.00	0.028000
2980.00	0.030251
2990.00	0.028413
3000.00	0.680388
3010.00	0.027900
3020.00	0.032829
3030.00	0.027624
3040.00	0.025358
3050.00	0.024948
3060.00	0.029407
3070.00	0.031619
3080.00	0.026176
3090.00	0.032210
3100.00	0.506621
3110.00	0.024906
3120.00	0.024894
3130.00	0.027752
3140.00	0.026864
3150.00	0.025399
3160.00	0.025176
3170.00	0.029753
3180.00	0.029751
3190.00	0.026230
3200.00	7.662173
3210.00	0.036927
3220.00	0.025254
3230.00	0.025364
3240.00	0.032658
3250.00	0.029811
3260.00	0.038042
3270.00	0.024991
3280.00	0.025625
3290.00	0.031813
3300.00	29.327269
3310.00	0.024831
3320.00	0.027748
3330.00	0.034589
3340.00	0.030670
3350.00	0.024520
3360.00	0.028260
3370.00	0.029981
3380.00	0.034841
3390.00	0.027522
3400.00	10.422811
3410.00	0.028823
3420.00	0.033673
3430.00	0.031203
3440.00	0.028268
3450.00	0.029282
3460.00	0.027055
3470.00	0.025289
3480.00	0.024321
3490.00	0.025224
3500.00	0.289425
3510.00	0.034154
3520.00	0.024728
3530.00	0.162349
3540.00	0.027526
3550.00	0.025383
3560.00	0.025083
3570.00	0.028463
3580.00	0.029954
3590.00	0.025769
3600.00	0.179515
3610.00	0.028003
3620.00	0.035265
3630.00	0.033173
3640.00	0.043407
3650.00	0.033569
3660.00	0.039031
3670.00	0.029200
3680.00	2131.978516
3690.00	0.025924
3700.00	0.286766
3710.00	0.032719
3720.00	0.023929
3730.00	0.041695
3740.00	0.037686
3750.00	0.023991
3760.00	0.023858
3770.00	0.027736
3780.00	0.032454
3790.00	0.026895
3800.00	0.200465
3810.00	0.051417
3820.00	0.025572
3830.00	0.026729
3840.00	0.024782
3850.00	0.026375
3860.00	0.026089
3870.00	0.023819
3880.00	0.024638
3890.00	0.024067
3900.00	0.329653
3910.00	0.027106
3920.00	0.027060
3930.00	0.023674
3940.00	0.030903
3950.00	0.025790
3960.00	0.023523
3970.00	0.032358
3980.00	0.057816
3990.00	0.031661
4000.00	0.168431
4010.00	0.023537
4020.00	0.030327
4030.00	0.044619
4040.00	0.026043
4050.00	0.042609
4060.00	0.062488
4070.00	0.025395
4080.00	0.026532
4090.00	0.031215
4100.00	0.308131
4110.00	0.025377
4120.00	3.395299
4130.00	0.028309
4140.00	0.023844
4150.00	0.037344
4160.00	0.028752
4170.00	0.025170
4180.00	0.024280
4190.00	0.023646
4200.00	0.156649
4210.00	0.023855
4220.00	0.033727
4230.00	0.023228
4240.00	0.034329
4250.00	0.031533
4260.00	0.023346
4270.00	0.168438
4280.00	0.027602
4290.00	0.036370
4300.00	0.307569
4310.00	0.029192
4320.00	0.031707
4330.00	0.024677
4340.00	0.029047
4350.00	0.024275
4360.00	0.036255
4370.00	0.027036
4380.00	0.028820
4390.00	0.025091
4400.00	21.885397
4410.00	0.030081
4420.00	0.033905
4430.00	0.030142
4440.00	0.022626
4450.00	0.023677
4460.00	0.024669
4470.00	0.025176
4480.00	0.026557
4490.00	0.029786
4500.00	10.454604
4510.00	0.022520
4520.00	0.029851
4530.00	0.033601
4540.00	0.031878
4550.00	0.031270
4560.00	0.044406
4570.00	0.027788
4580.00	0.042767
4590.00	0.030955
4600.00	14.123625
4610.00	0.027507
4620.00	0.025954
4630.00	0.024135
4640.00	0.038773
4650.00	0.024298
4660.00	0.030415
4670.00	0.032461
4680.00	0.023602
4690.00	0.032212
4700.00	0.466372
4710.00	0.029051
4720.00	0.024910
4730.00	0.027500
4740.00	0.032175
4750.00	0.031421
4760.00	0.022869
4770.00	0.030796
4780.00	0.028415
4790.00	0.021948
4800.00	0.550273
4810.00	0.024855
4820.00	0.027747
4830.00	0.023519
4840.00	0.023671
4850.00	0.039067
4860.00	0.024256
4870.00	0.024070
4880.00	0.138982
4890.00	0.026364
4900.00	0.485900
4910.00	0.023793
4920.00	0.027236
4930.00	0.027234
4940.00	0.038258
4950.00	0.035430
4960.00	0.035063
4970.00	0.022157
4980.00	0.026324
4990.00	0.025425
5000.00	0.199938
5010.00	0.025617
5020.00	0.021725
5030.00	0.027697
5040.00	0.030130
5050.00	0.021369
5060.00	0.021371
5070.00	0.021578
5080.00	0.032651
5090.00	0.034935
5100.00	54.397079
5110.00	0.026746
5120.00	0.025546
5130.00	0.036180
5140.00	0.023597
5150.00	0.026449
5160.00	0.024878
5170.00	0.035623
5180.00	0.051009
5190.00	0.035758
5200.00	0.166721
5210.00	0.028551
5220.00	0.035678
5230.00	0.032587
5240.00	0.023954
5250.00	0.039622
5260.00	0.024203
5270.00	0.021060
5280.00	0.024244
5290.00	0.028817
5300.00	0.268200
5310.00	0.020944
5320.00	0.152283
5330.00	0.029371
5340.00	0.024654
5350.00	0.021118
5360.00	0.031823
5370.00	0.044657
5380.00	0.034576
5390.00	0.039682
5400.00	0.311775
5410.00	0.021832
5420.00	0.030503
5430.00	0.022080
5440.00	0.022841
5450.00	0.041992
5460.00	0.024978
5470.00	0.024104
5480.00	0.024877
5490.00	0.021511
5500.00	0.208001
5510.00	0.025213
5520.00	0.024778
5530.00	0.039432
5540.00	0.020914
5550.00	0.023986
5560.00	0.041675
5570.00	0.021187
5580.00	0.020632
5590.00	0.021054
5600.00	1.679057
5610.00	0.039823
5620.00	0.026647
5630.00	0.023073
5640.00	0.025721
5650.00	0.028192
5660.00	0.033668
5670.00	0.028369
5680.00	0.024330
5690.00	0.039519
5700.00	7.191024
5710.00	0.021002
5720.00	0.027484
5730.00	0.035526
5740.00	0.020525
5750.00	0.022153
5760.00	0.032902
5770.00	0.031004
5780.00	0.031278
5790.00	0.030724
5800.00	1.444730
5810.00	0.042815
5820.00	0.032619
5830.00	0.031543
5840.00	0.033806
5850.00	0.026250
5860.00	0.021202
5870.00	0.022965
5880.00	0.029486
5890.00	0.023244
5900.00	1.095491
5910.00	0.020169
5920.00	0.026171
5930.00	0.023752
5940.00	0.019945
5950.00	0.025580
5960.00	0.022971
5970.00	0.021508
5980.00	0.039555
5990.00	0.019849
6000.00	3.307750
6010.00	0.039355
6020.00	0.027990
6030.00	0.037345
6040.00	0.032911
6050.00	0.025514
6060.00	0.033959
6070.00	0.032532
6080.00	0.037761
6090.00	0.037252
6100.00	1.165825
6110.00	0.023944
6120.00	0.034097
6130.00	0.028790
6140.00	0.040473
6150.00	0.019101
6160.00	0.040879
6170.00	0.019562
6180.00	0.019941
6190.00	0.051155
6200.00	0.235444
6210.00	0.030626
6220.00	0.019945
6230.00	0.020227
6240.00	0.043750
6250.00	0.031888
6260.00	0.022387
6270.00	0.035068
6280.00	0.041588
6290.00	0.019123
6300.00	0.469650
6310.00	0.038612
6320.00	0.041590
6330.00	0.019668
6340.00	0.022132
6350.00	0.034854
6360.00	0.039012
6370.00	0.032668
6380.00	0.114363
6390.00	0.030399
6400.00	0.179826
6410.00	0.049103
6420.00	0.027835
6430.00	0.026762
6440.00	0.018901
6450.00	0.023159
6460.00	0.018342
6470.00	0.019140
6480.00	0.025584
6490.00	0.037592
6500.00	0.205480
6510.00	0.036812
6520.00	0.020652
6530.00	0.030232
6540.00	0.032134
6550.00	0.030658
6560.00	0.037261
6570.00	0.025084
6580.00	0.038434
6590.00	0.028519
6600.00	4.328559
6610.00	0.027882
6620.00	0.021544
6630.00	0.031474
6640.00	0.026114
6650.00	0.025916
6660.00	0.021533
6670.00	0.028227
6680.00	0.045003
6690.00	0.017413
6700.00	0.159478
6710.00	0.030625
6720.00	0.029818
6730.00	0.028079
6740.00	0.017206
6750.00	0.021345
6760.00	0.022194
6770.00	0.024205
6780.00	0.027213
6790.00	0.020343
6800.00	0.617640
6810.00	0.017008
6820.00	0.042475
6830.00	0.026989
6840.00	0.026302
6850.00	0.025865
6860.00	0.038780
6870.00	0.033619
6880.00	0.025749
6890.00	0.029702
6900.00	0.765619
6910.00	0.022131
6920.00	0.032294
6930.00	0.029210
6940.00	0.019957
6950.00	0.020074
6960.00	0.025812
6970.00	0.024759
6980.00	0.030298
6990.00	0.022673
7000.00	0.536177
7010.00	0.028125
7020.00	0.019341
7030.00	0.025000
7040.00	0.027663
7050.00	0.030843
7060.00	0.027823
7070.00	0.032623
7080.00	0.040546
7090.00	0.032020
7100.00	6.015090
7110.00	0.024988
7120.00	0.040936
7130.00	0.023730
7140.00	0.018424
7150.00	0.022168
7160.00	0.033166
7170.00	0.030122
7180.00	0.019327
7190.00	0.030284
7200.00	61.028477
7210.00	0.026015
7220.00	0.020503
7230.00	0.051764
7240.00	0.016266
7250.00	0.025246
7260.00	0.018598
7270.00	0.024761
7280.00	0.026812
7290.00	0.022100
7300.00	7.849677
7310.00	0.019432
7320.00	0.019954
7330.00	0.020480
7340.00	0.020051
7350.00	0.018527
7360.00	0.030860
7370.00	0.029138
7380.00	0.026336
7390.00	0.023027
7400.00	0.287964
7410.00	0.031122
7420.00	0.020431
7430.00	0.015430
7440.00	0.037056
7450.00	0.023369
7460.00	0.032609
7470.00	0.016870
7480.00	0.036648
7490.00	0.020085
7500.00	0.238234
7510.00	0.030331
7520.00	0.031797
7530.00	0.035545
7540.00	0.019333
7550.00	0.032852
7560.00	0.022821
7570.00	0.019906
7580.00	17.694012
7590.00	0.028667
7600.00	0.259714
7610.00	0.033102
7620.00	0.029780
7630.00	0.033629
7640.00	0.024694
7650.00	0.028569
7660.00	0.023404
7670.00	0.024654
7680.00	0.024796
7690.00	0.019358
7700.00	0.191063
7710.00	0.020773
7720.00	0.027646
7730.00	0.025168
7740.00	0.028160
7750.00	0.029832
7760.00	0.035632
7770.00	0.014508
7780.00	0.015124
7790.00	0.029310
7800.00	0.703943
7810.00	0.024358
7820.00	0.029169
7830.00	0.035228
7840.00	0.031606
7850.00	0.037542
7860.00	0.024175
7870.00	0.025658
7880.00	0.038779
7890.00	0.018576
7900.00	0.136501
7910.00	0.025793
7920.00	0.020468
7930.00	0.025496
7940.00	0.029032
7950.00	0.021276
7960.00	0.032069
7970.00	0.029192
7980.00	0.029698
7990.00	0.027144
8000.00	0.335631
8010.00	0.033718
8020.00	1.552137
8030.00	0.040225
8040.00	0.016412
8050.00	0.037779
8060.00	0.019516
8070.00	0.025625
8080.00	0.021784
8090.00	0.016828
8100.00	0.244637
8110.00	0.022077
8120.00	0.033001
8130.00	0.040960
8140.00	0.026503
8150.00	0.028207
8160.00	0.028526
8170.00	0.068036
8180.00	0.036545
8190.00	0.036345
8200.00	0.300970
8210.00	0.022189
8220.00	0.022689
8230.00	0.028264
8240.00	0.016816
8250.00	0.013650
8260.00	0.043322
8270.00	0.028730
8280.00	0.016917
8290.00	0.037775
8300.00	36.366962
8310.00	0.015283
8320.00	0.033954
8330.00	0.028098
8340.00	0.023326
8350.00	0.024823
8360.00	0.021591
8370.00	0.025264
8380.00	0.027812
8390.00	0.037329
8400.00	6.774481
8410.00	0.036895
8420.00	0.033532
8430.00	0.018229
8440.00	0.022875
8450.00	0.033726
8460.00	0.043355
8470.00	0.017075
8480.00	0.036716
8490.00	0.030492
8500.00	20.973745
8510.00	0.031276
8520.00	0.038687
8530.00	0.037678
8540.00	0.027285
8550.00	0.026829
8560.00	0.021278
8570.00	0.022282
8580.00	0.021831
8590.00	0.033035
8600.00	0.473196
8610.00	0.029853
8620.00	0.024436
8630.00	0.030158
8640.00	0.020259
8650.00	0.029126
8660.00	0.026729
8670.00	0.031487
8680.00	0.045722
8690.00	0.014603
8700.00	0.541617
8710.00	0.026174
8720.00	0.040149
8730.00	0.045418
8740.00	0.030907
8750.00	0.021724
8760.00	0.028240
8770.00	0.024348
8780.00	0.131817
8790.00	0.030617
8800.00	0.430706
8810.00	0.017789
8820.00	0.032874
8830.00	0.014405
8840.00	0.020063
8850.00	0.030211
8860.00	0.022932
8870.00	0.023044
8880.00	0.020474
8890.00	0.021928
8900.00	0.206074
8910.00	0.034730
8920.00	0.012475
8930.00	0.014797
8940.00	0.035503
8950.00	0.032105
8960.00	0.025992
8970.00	0.054209
8980.00	0.034356
8990.00	0.043756
9000.00	1898.339111
9010.00	0.021348
9020.00	0.029431
9030.00	0.019697
9040.00	0.034968
9050.00	0.013692
9060.00	0.025790
9070.00	0.040840
9080.00	0.048261
9090.00	0.044863
9100.00	0.140939
9110.00	0.030307
9120.00	0.023277
9130.00	0.013098
9140.00	0.034028
9150.00	0.009928
9160.00	0.026158
9170.00	0.011800
9180.00	0.025237
9190.00	0.018127
9200.00	0.236800
9210.00	0.020138
9220.00	0.175654
9230.00	0.023560
9240.00	0.047734
9250.00	0.042467
9260.00	0.016302
9270.00	0.036192
9280.00	0.032677
9290.00	0.021559
9300.00	0.272468
9310.00	0.013473
9320.00	0.027415
9330.00	0.025672
9340.00	0.035073
9350.00	0.013032
9360.00	0.025853
9370.00	0.036705
9380.00	0.033201
9390.00	0.030879
9400.00	0.204524
9410.00	0.030263
9420.00	0.022915
9430.00	0.028957
9440.00	0.017602
9450.00	0.021285
9460.00	0.031878
9470.00	0.013807
9480.00	0.020289
9490.00	0.011804
9500.00	1.913191
9510.00	0.049607
9520.00	0.009225
9530.00	0.036176
9540.00	0.020502
9550.00	0.012485
9560.00	0.038855
9570.00	0.015160
9580.00	0.022476
9590.00	0.009483
9600.00	10.099701
9610.00	0.015898
9620.00	0.033444
9630.00	0.021741
9640.00	0.023682
9650.00	0.028006
9660.00	0.033922
9670.00	0.033215
9680.00	0.033792
9690.00	0.035676
9700.00	1.620362
9710.00	0.020113
9720.00	0.026215
9730.00	0.041412
9740.00	0.039706
9750.00	0.032104
9760.00	0.032146
9770.00	0.020211
9780.00	0.024446
9790.00	0.019639
9800.00	1.025942
9810.00	0.038724
9820.00	0.021097
9830.00	0.027957
9840.00	0.028203
9850.00	0.031078
9860.00	0.034771
9870.00	0.024026
9880.00	0.020490
9890.00	0.023507
9900.00	2.666177
9910.00	0.029369
9920.00	0.026208
9930.00	0.027070
9940.00	0.032303
9950.00	0.035580
9960.00	0.020581
9970.00	0.008719
9980.00	0.054089
9990.00	0.033022
10000.00	1.057454
10010.00	0.025790
10020.00	0.025666
10030.00	0.033468
10040.00	0.017063
10050.00	0.016039
10060.00	0.013643
10070.00	0.018393
10080.00	0.034233
10090.00	0.018018
10100.00	0.234701
10110.00	0.021416
10120.00	0.014499
10130.00	0.013953
10140.00	0.036269
10150.00	0.028969
10160.00	0.022322
10170.00	0.016643
10180.00	0.028747
10190.00	0.022878
10200.00	0.546567
10210.00	0.021905
10220.00	0.022718
10230.00	0.024897
10240.00	0.026079
10250.00	0.028324
10260.00	0.035979
10270.00	0.047868
10280.00	0.101854
10290.00	0.025760
10300.00	0.192207
10310.00	0.015413
10320.00	0.035783
10330.00	0.026538
10340.00	0.029122
10350.00	0.014405
10360.00	0.033811
10370.00	0.024051
10380.00	0.032746
10390.00	0.019367
10400.00	0.226298
10410.00	0.029563
10420.00	0.006512
10430.00	0.008296
10440.00	0.020539
10450.00	0.007328
10460.00	0.029365
10470.00	0.031169
10480.00	0.030787
10490.00	0.039561
10500.00	2.805037
10510.00	0.042910
10520.00	0.022278
10530.00	0.013193
10540.00	0.025271
10550.00	0.013289
10560.00	0.043976
10570.00	0.026444
10580.00	0.037188
10590.00	0.028397
10600.00	0.153532
10610.00	0.020826
10620.00	0.028195
10630.00	0.020497
10640.00	0.014016
10650.00	0.015105
10660.00	0.044359
10670.00	0.049212
10680.00	0.028152
10690.00	0.041334
10700.00	0.654979
10710.00	0.026402
10720.00	0.021461
10730.00	0.025597
10740.00	0.029718
10750.00	0.019948
10760.00	0.027866
10770.00	0.030890
10780.00	0.034728
10790.00	0.027777
10800.00	0.854280
10810.00	0.036477
10820.00	0.018156
10830.00	0.028001
10840.00	0.038516
10850.00	0.019997
10860.00	0.033431
10870.00	0.031259
10880.00	0.029830
10890.00	0.029839
10900.00	0.562336
10910.00	0.015191
10920.00	0.034706
10930.00	0.039085
10940.00	0.016197
10950.00	0.032697
10960.00	0.015825
10970.00	0.030402
10980.00	0.041488
10990.00	0.029178
11000.00	4.841538
11010.00	0.030537
11020.00	0.021201
11030.00	0.061394
11040.00	0.015688
11050.00	0.029515
11060.00	0.041312
11070.00	0.032365
11080.00	0.016736
11090.00	0.017371
11100.00	188.216537
11110.00	0.033046
11120.00	0.010828
11130.00	0.029740
11140.00	0.019042
11150.00	0.012155
11160.00	0.028782
11170.00	0.018938
11180.00	0.054089
11190.00	0.022991
11200.00	6.081872
11210.00	0.016191
11220.00	0.017770
11230.00	0.027230
11240.00	0.029767
11250.00	0.029282
11260.00	0.035216
11270.00	0.016065
11280.00	0.018413
11290.00	0.029507
11300.00	0.299028
11310.00	0.012459
11320.00	0.022757
11330.00	0.019843
11340.00	0.037955
11350.00	0.029467
11360.00	0.030644
11370.00	0.039788
11380.00	0.016545
11390.00	0.024537
11400.00	0.265877
11410.00	0.017765
11420.00	0.031085
11430.00	0.012569
11440.00	0.021782
11450.00	0.014914
11460.00	0.031926
11470.00	0.037807
11480.00	4.067995
11490.00	0.031345
11500.00	0.243949
11510.00	0.023537
11520.00	0.011516
11530.00	0.030014
11540.00	0.031970
11550.00	0.019676
11560.00	0.025202
11570.00	0.024678
11580.00	0.031052
11590.00	0.030636
11600.00	0.198310
11610.00	0.017537
11620.00	0.027356
11630.00	0.017006
11640.00	0.035623
11650.00	0.029778
11660.00	0.037713
11670.00	0.027346
11680.00	0.020094
11690.00	0.026768
11700.00	1.225446
11710.00	0.025686
11720.00	0.028267
11730.00	0.039530
11740.00	0.038142
11750.00	0.018403
11760.00	0.016703
11770.00	0.021176
11780.00	0.038204
11790.00	0.012627
11800.00	0.144671
11810.00	0.028180
11820.00	0.029304
11830.00	0.011911
11840.00	0.012033
11850.00	0.038154
11860.00	0.015055
11870.00	0.026386
11880.00	0.020253
11890.00	0.019462
11900.00	0.373538
11910.00	0.014735
11920.00	0.871399
11930.00	0.042100
11940.00	0.023323
11950.00	0.027967
11960.00	0.027693
11970.00	0.033873
11980.00	0.031901
11990.00	0.010090
12000.00	0.266815
12010.00	0.033709
12020.00	0.032913
12030.00	0.027553
12040.00	0.038414
12050.00	0.038438
12060.00	0.023066
12070.00	0.045228
12080.00	0.036230
12090.00	0.029278
12100.00	0.295337
12110.00	0.024077
12120.00	0.025910
12130.00	0.030410
12140.00	0.023079
12150.00	0.013449
12160.00	0.028575
12170.00	0.032712
12180.00	0.004622
12190.00	0.017656
12200.00	71.963142
12210.00	0.023562
12220.00	0.012614
12230.00	0.032802
12240.00	0.031860
12250.00	0.004089
12260.00	0.029084
12270.00	0.039374
12280.00	0.020819
12290.00	0.036017
12300.00	4.382465
12310.00	0.033856
12320.00	0.036870
12330.00	0.024085
12340.00	0.016760
12350.00	0.021019
12360.00	0.028670
12370.00	0.003700
12380.00	0.045656
12390.00	0.015560
12400.00	34.423622
12410.00	0.032091
12420.00	0.035684
12430.00	0.021089
12440.00	0.022835
12450.00	0.027374
12460.00	0.017696
12470.00	0.013197
12480.00	0.024260
12490.00	0.026871
12500.00	0.444501
12510.00	0.025014
12520.00	0.018040
12530.00	0.021040
12540.00	0.024626
12550.00	0.027939
12560.00	0.039225
12570.00	0.024669
12580.00	0.026735
12590.00	0.027980
12600.00	0.504737
12610.00	0.025547
12620.00	0.033533
12630.00	0.031641
12640.00	0.023769
12650.00	0.029351
12660.00	0.035076
12670.00	0.021068
12680.00	0.178437
12690.00	0.021101
12700.00	0.407914
12710.00	0.027047
12720.00	0.023857
12730.00	0.010137
12740.00	0.023264
12750.00	0.032075
12760.00	0.038523
12770.00	0.019078
12780.00	0.012384
12790.00	0.021476
12800.00	0.203116
12810.00	0.030167
12820.00	0.003355
12830.00	0.025348
12840.00	0.017990
12850.00	0.017191
12860.00	0.014879
12870.00	0.025444
12880.00	0.032933
12890.00	0.032592
12900.00	124.647850
12910.00	0.026725
12920.00	0.022966
12930.00	0.027147
12940.00	0.033272
12950.00	0.027583
12960.00	0.028574
12970.00	0.021666
12980.00	0.043626
12990.00	0.029174
13000.00	0.138972
13010.00	0.020670
13020.00	0.028268
13030.00	0.014259
13040.00	0.022489
13050.00	0.018972
13060.00	0.028031
13070.00	0.018442
13080.00	0.029240
13090.00	0.025334
13100.00	0.257280
13110.00	0.023183
13120.00	0.218933
13130.00	0.021408
13140.00	0.027449
13150.00	0.004411
13160.00	0.023926
13170.00	0.018464
13180.00	0.011572
13190.00	0.039651
13200.00	0.256604
13210.00	0.034720
13220.00	0.023153
13230.00	0.030266
13240.00	0.037357
13250.00	0.026046
13260.00	0.012877
13270.00	0.020884
13280.00	0.038340
13290.00	0.028072
13300.00	0.194378
13310.00	0.029516
13320.00	0.035068
13330.00	0.032379
13340.00	0.021672
13350.00	0.033272
13360.00	0.011941
13370.00	0.028519
13380.00	0.035415
13390.00	0.024115
13400.00	2.157759
13410.00	0.035119
13420.00	0.007434
13430.00	0.044583
13440.00	0.029529
13450.00	0.024446
13460.00	0.019814
13470.00	0.035684
13480.00	0.038136
13490.00	0.027673
13500.00	15.095193
13510.00	0.022322
13520.00	0.037466
13530.00	0.018929
13540.00	0.021550
13550.00	0.037892
13560.00	0.018845
13570.00	0.034818
13580.00	0.023877
13590.00	0.025275
13600.00	1.816855
13610.00	0.022188
13620.00	0.025083
13630.00	0.037056
13640.00	0.033899
13650.00	0.031590
13660.00	0.034237
13670.00	0.021004
13680.00	0.018073
13690.00	0.030470
13700.00	0.941518
13710.00	0.025652
13720.00	0.040074
13730.00	0.037394
13740.00	0.023357
13750.00	0.035983
13760.00	0.033859
13770.00	0.019411
13780.00	0.038785
13790.00	0.042231
13800.00	2.195871
13810.00	0.043560
13820.00	0.042531
13830.00	0.021926
13840.00	0.037600
13850.00	0.024597
13860.00	0.028050
13870.00	0.034248
13880.00	0.061845
13890.00	0.026493
13900.00	0.968753
13910.00	0.035181
13920.00	0.028427
13930.00	0.020873
13940.00	0.031469
13950.00	0.022815
13960.00	0.037284
13970.00	0.052569
13980.00	0.035108
13990.00	0.020766
14000.00	0.246949
14010.00	0.025401
14020.00	0.025038
14030.00	0.024117
14040.00	0.035581
14050.00	0.027659
14060.00	0.022832
14070.00	0.037268
14080.00	0.030560
14090.00	0.018102
14100.00	0.632215
14110.00	0.012835
14120.00	0.034324
14130.00	0.018940
14140.00	0.024402
14150.00	0.018189
14160.00	0.033296
14170.00	0.028937
14180.00	0.096407
14190.00	0.024720
14200.00	0.176546
14210.00	0.022787
14220.00	0.035823
14230.00	0.018756
14240.00	0.030025
14250.00	0.031670
14260.00	0.015196
14270.00	0.030555
14280.00	0.017805
14290.00	0.024090
14300.00	0.209038
14310.00	0.034111
14320.00	0.022193
14330.00	0.017350
14340.00	0.024101
14350.00	0.027710
14360.00	0.039446
14370.00	0.025360
14380.00	0.011628
14390.00	0.029330
14400.00	1.945563
14410.00	0.034022
14420.00	0.029335
14430.00	0.027291
14440.00	0.021018
14450.00	0.028993
14460.00	0.022478
14470.00	0.024395
14480.00	0.042969
14490.00	0.028572
14500.00	0.168359
14510.00	0.010398
14520.00	0.025806
14530.00	0.029036
14540.00	0.015304
14550.00	0.031275
14560.00	0.020117
14570.00	0.017584
14580.00	0.031139
14590.00	0.016710
14600.00	0.701742
14610.00	0.028544
14620.00	0.044569
14630.00	0.028131
14640.00	0.023308
14650.00	0.019079
14660.00	0.030782
14670.00	0.027290
14680.00	0.031871
14690.00	0.028295
14700.00	0.964879
14710.00	0.030566
14720.00	0.026522
14730.00	0.054398
14740.00	0.033220
14750.00	0.030214
14760.00	0.032991
14770.00	0.019910
14780.00	0.041316
14790.00	0.038073
14800.00	0.607346
14810.00	0.020382
14820.00	0.020318
14830.00	0.037554
14840.00	0.016038
14850.00	0.025302
14860.00	0.027842
14870.00	0.032187
14880.00	0.025312
14890.00	0.027370
14900.00	3.981646
14910.00	0.028299
14920.00	0.011364
14930.00	0.038400
14940.00	0.032020
14950.00	0.031025
14960.00	0.023566
14970.00	0.037804
14980.00	0.023012
14990.00	0.027816
15000.00	2934.776611
15010.00	0.017499
15020.00	0.031995
15030.00	0.031411
15040.00	0.029325
15050.00	0.029994
15060.00	0.023008
15070.00	0.035562
15080.00	0.036463
15090.00	0.014046
15100.00	4.867165
15110.00	0.020688
15120.00	0.016739
15130.00	0.030384
15140.00	0.035510
15150.00	0.025863
15160.00	0.024777
15170.00	0.021677
15180.00	0.017694
15190.00	0.012710
15200.00	0.287597
15210.00	0.023046
15220.00	0.024268
15230.00	0.019686
15240.00	0.031628
15250.00	0.033442
15260.00	0.027859
15270.00	0.035128
15280.00	0.024455
15290.00	0.026337
15300.00	0.262401
15310.00	0.028556
15320.00	0.028839
15330.00	0.019081
15340.00	0.035719
15350.00	0.026119
15360.00	0.031945
15370.00	0.032173
15380.00	1.767775
15390.00	0.033736
15400.00	0.250096
15410.00	0.022747
15420.00	0.020297
15430.00	0.027137
15440.00	0.026564
15450.00	0.036160
15460.00	0.026329
15470.00	0.017990
15480.00	0.025940
15490.00	0.031636
15500.00	0.191642
15510.00	0.030715
15520.00	0.014908
15530.00	0.018818
15540.00	0.026997
15550.00	0.032765
15560.00	0.028312
15570.00	0.025982
15580.00	0.030101
15590.00	0.023768
15600.00	1.929772
15610.00	0.025091
15620.00	0.037866
15630.00	0.025600
15640.00	0.032703
15650.00	0.017205
15660.00	0.032530
15670.00	0.026184
15680.00	0.045040
15690.00	0.022492
15700.00	0.148481
15710.00	0.036563
15720.00	0.033915
15730.00	0.025983
15740.00	0.025784
15750.00	0.032722
15760.00	0.034427
15770.00	0.032230
15780.00	0.028158
15790.00	0.031225
15800.00	0.388826
15810.00	0.032252
15820.00	0.553692
15830.00	0.026025
15840.00	0.035048
15850.00	0.034287
15860.00	0.026734
15870.00	0.022179
15880.00	0.031491
15890.00	0.020458
15900.00	0.288880
15910.00	0.021240
15920.00	0.029221
15930.00	0.039470
15940.00	0.025175
15950.00	0.026682
15960.00	0.027793
15970.00	0.031623
15980.00	0.027859
15990.00	0.030950
16000.00	0.306215
16010.00	0.023336
16020.00	0.020563
16030.00	0.031840
16040.00	0.015519
16050.00	0.029107
16060.00	0.023271
16070.00	0.024034
16080.00	0.032952
16090.00	0.036699
16100.00	204.898529
16110.00	0.033443
16120.00	0.016871
16130.00	0.033100
16140.00	0.030355
16150.00	0.025926
16160.00	0.031898
16170.00	0.031417
16180.00	0.022266
16190.00	0.025143
16200.00	2.641735
16210.00	0.032659
16220.00	0.033270
16230.00	0.030463
16240.00	0.035137
16250.00	0.034610
16260.00	0.032220
16270.00	0.022862
16280.00	0.029119
16290.00	0.033499
16300.00	66.760056
16310.00	0.024465
16320.00	0.025380
16330.00	0.021793
16340.00	0.026914
16350.00	0.033548
16360.00	0.026247
16370.00	0.034039
16380.00	0.022942
16390.00	0.034607
16400.00	0.426219
16410.00	0.015574
16420.00	0.023654
16430.00	0.029322
16440.00	0.027672
16450.00	0.033804
16460.00	0.021054
16470.00	0.027707
16480.00	0.019601
16490.00	0.017209
16500.00	0.450196
16510.00	0.021878
16520.00	0.026007
16530.00	0.031611
16540.00	0.020817
16550.00	0.030490
16560.00	0.028466
16570.00	0.025039
16580.00	0.202967
16590.00	0.031939
16600.00	0.388061
16610.00	0.032495
16620.00	0.033313
16630.00	0.017781
16640.00	0.024503
16650.00	0.024048
16660.00	0.030356
16670.00	0.030996
16680.00	0.035393
16690.00	0.024189
16700.00	0.192883
16710.00	0.027681
16720.00	0.020959
16730.00	0.035401
16740.00	0.038071
16750.00	0.027051
16760.00	0.027756
16770.00	0.040016
16780.00	0.035588
16790.00	0.027456
16800.00	24.300129
16810.00	0.028242
16820.00	0.029508
16830.00	0.039441
16840.00	0.030259
16850.00	0.025869
16860.00	0.033198
16870.00	0.031283
16880.00	0.050530
16890.00	0.021981
16900.00	0.147424
16910.00	0.037554
16920.00	0.027857
16930.00	0.017475
16940.00	0.038021
16950.00	0.026296
16960.00	0.033383
16970.00	0.024105
16980.00	0.031565
16990.00	0.017229
17000.00	0.266553
17010.00	0.026746
17020.00	0.302556
17030.00	0.029572
17040.00	0.030126
17050.00	0.021555
17060.00	0.021328
17070.00	0.028470
17080.00	0.020630
17090.00	0.031642
17100.00	0.231792
17110.00	0.026004
17120.00	0.020378
17130.00	0.026141
17140.00	0.023107
17150.00	0.020521
17160.00	0.024664
17170.00	0.023893
17180.00	0.028646
17190.00	0.031158
17200.00	0.221362
17210.00	0.027237
17220.00	0.025898
17230.00	0.028002
17240.00	0.025609
17250.00	0.025792
17260.00	0.025241
17270.00	0.027264
17280.00	0.023176
17290.00	0.024427
17300.00	2.485019
17310.00	0.023199
17320.00	0.017787
17330.00	0.019175
17340.00	0.024517
17350.00	0.025811
17360.00	0.023838
17370.00	0.032923
17380.00	0.029202
17390.00	0.024936
17400.00	24.758091
17410.00	0.031643
17420.00	0.035292
17430.00	0.023328
17440.00	0.030408
17450.00	0.023616
17460.00	0.021557
17470.00	0.035794
17480.00	0.034099
17490.00	0.023341
17500.00	2.086174
17510.00	0.033543
17520.00	0.029828
17530.00	0.030273
17540.00	0.040961
17550.00	0.021549
17560.00	0.022525
17570.00	0.022738
17580.00	0.029906
17590.00	0.031889
17600.00	0.871648
17610.00	0.036308
17620.00	0.026556
17630.00	0.033968
17640.00	0.027619
17650.00	0.032238
17660.00	0.030688
17670.00	0.026938
17680.00	0.026496
17690.00	0.022842
17700.00	1.847758
17710.00	0.024878
17720.00	0.029506
17730.00	0.026787
17740.00	0.027306
17750.00	0.027969
17760.00	0.029239
17770.00	0.026574
17780.00	0.049946
17790.00	0.028929
17800.00	0.900894
17810.00	0.019527
17820.00	0.022323
17830.00	0.028124
17840.00	0.030372
17850.00	0.019410
17860.00	0.023371
17870.00	0.025835
17880.00	0.026556
17890.00	0.029932
17900.00	0.218145
17910.00	0.018924
17920.00	0.026478
17930.00	0.028538
17940.00	0.025204
17950.00	0.027993
17960.00	0.029827
17970.00	0.038833
17980.00	0.035323
17990.00	0.034836
18000.00	0.738607
18010.00	0.022733
18020.00	0.020213
18030.00	0.025772
18040.00	0.036611
18050.00	0.025834
18060.00	0.021968
18070.00	0.030141
18080.00	0.086492
18090.00	0.044155
18100.00	0.179703
18110.00	0.022899
18120.00	0.023880
18130.00	0.029201
18140.00	0.028160
18150.00	0.031428
18160.00	0.019812
18170.00	0.026246
18180.00	0.027372
18190.00	0.022530
18200.00	0.207235
18210.00	0.030118
18220.00	0.033489
18230.00	0.027791
18240.00	0.028780
18250.00	0.022366
18260.00	0.027256
18270.00	0.025632
18280.00	0.020780
18290.00	0.025233
18300.00	1.448379
18310.00	0.034214
18320.00	0.034425
18330.00	0.033875
18340.00	0.024278
18350.00	0.026337
18360.00	0.022540
18370.00	0.029080
18380.00	0.030556
18390.00	0.027873
18400.00	0.167935
18410.00	0.023600
18420.00	0.028564
18430.00	0.029270
18440.00	0.030483
18450.00	0.036182
18460.00	0.023689
18470.00	0.021709
18480.00	0.025694
18490.00	0.030591
18500.00	0.757167
18510.00	0.025787
18520.00	0.033760
18530.00	0.028668
18540.00	0.025646
18550.00	0.042065
18560.00	0.024460
18570.00	0.030671
18580.00	0.022811
18590.00	0.023537
18600.00	1.126622
18610.00	0.027625
18620.00	0.030433
18630.00	0.022502
18640.00	0.026978
18650.00	0.025529
18660.00	0.023775
18670.00	0.031444
18680.00	0.036136
18690.00	0.027999
18700.00	0.658857
18710.00	0.023655
18720.00	0.023772
18730.00	0.027757
18740.00	0.026089
18750.00	0.023548
18760.00	0.022401
18770.00	0.026365
18780.00	0.022560
18790.00	0.023283
18800.00	3.327880
18810.00	0.025411
18820.00	0.022468
18830.00	0.034157
18840.00	0.024404
18850.00	0.029739
18860.00	0.034082
18870.00	0.032471
18880.00	0.028157
18890.00	0.030400
18900.00	779.267212
18910.00	0.023366
18920.00	0.042967
18930.00	0.026766
18940.00	0.028828
18950.00	0.026308
18960.00	0.030454
18970.00	0.039655
18980.00	0.037624
18990.00	0.026551
19000.00	3.999922
19010.00	0.021556
19020.00	0.022372
19030.00	0.021638
19040.00	0.027099
19050.00	0.023604
19060.00	0.031257
19070.00	0.031359
19080.00	0.024419
19090.00	0.023263
19100.00	0.260483
19110.00	0.022266
19120.00	0.021789
19130.00	0.023098
19140.00	0.033728
19150.00	0.031741
19160.00	0.037378
19170.00	0.026948
19180.00	0.028416
19190.00	0.024727
19200.00	0.260413
19210.00	0.024608
19220.00	0.039738
19230.00	0.025423
19240.00	0.033927
19250.00	0.025805
19260.00	0.025267
19270.00	0.030473
19280.00	0.983693
19290.00	0.023571
19300.00	0.258311
19310.00	0.025122
19320.00	0.025287
19330.00	0.026261
19340.00	0.022794
19350.00	0.029173
19360.00	0.024113
19370.00	0.023000
19380.00	0.024559
19390.00	0.037393
19400.00	0.180399
19410.00	0.024992
19420.00	0.022816
19430.00	0.025504
19440.00	0.023818
19450.00	0.031521
19460.00	0.025519
19470.00	0.027629
19480.00	0.030693
19490.00	0.025853
19500.00	3.085910
19510.00	0.028340
19520.00	0.038845
19530.00	0.031789
19540.00	0.034811
19550.00	0.028760
19560.00	0.025518
19570.00	0.026020
19580.00	0.038826
19590.00	0.033961
19600.00	0.161080
19610.00	0.035860
19620.00	0.041662
19630.00	0.028236
19640.00	0.033721
19650.00	0.028118
19660.00	0.025948
19670.00	0.032001
19680.00	0.032274
19690.00	0.025977
19700.00	0.386984
19710.00	0.024429
19720.00	0.399532
19730.00	0.037113
19740.00	0.026838
19750.00	0.029767
19760.00	0.026432
19770.00	0.032607
19780.00	0.024658
19790.00	0.027418
19800.00	0.317122
19810.00	0.023186
19820.00	0.026714
19830.00	0.030204
19840.00	0.024813
19850.00	0.023226
19860.00	0.029805
19870.00	0.038327
19880.00	0.031471
19890.00	0.030058
19900.00	0.341908
19910.00	0.025301
19920.00	0.025211
19930.00	0.028658
19940.00	0.031382
19950.00	0.030679
19960.00	0.027702
19970.00	0.024459
19980.00	0.028263
19990.00	0.029909
20000.00	2103.862061

======================================================================
FILTERED FFT DATA (freq_hz, amplitude) — positive freqs <= 20 kHz
======================================================================
0.00	183.109497
10.00	88.066330
20.00	169.190903
30.00	397.300354
40.00	530.439392
50.00	522.727173
60.00	176.017426
70.00	447.455963
80.00	26.216192
90.00	555.296448
100.00	81.579926
110.00	174.546631
120.00	114.143318
130.00	768.801086
140.00	37.823307
150.00	213.795685
160.00	482.691589
170.00	143.236252
180.00	236.620422
190.00	62.780083
200.00	175.372894
210.00	374.284149
220.00	254.332275
230.00	203.311432
240.00	462.800049
250.00	192.934662
260.00	243.788727
270.00	396.804962
280.00	360.248016
290.00	293.388092
300.00	209.461288
310.00	177.960007
320.00	344.733124
330.00	33.184780
340.00	298.151276
350.00	212.039215
360.00	181.917770
370.00	350.940735
380.00	254.427734
390.00	292.971313
400.00	360.062531
410.00	320.793427
420.00	389.487183
430.00	61.419327
440.00	137.713318
450.00	390.397644
460.00	337.680176
470.00	134.635864
480.00	163.504593
490.00	148.055145
500.00	389.309265
510.00	231.651016
520.00	131.189804
530.00	311.467163
540.00	461.701691
550.00	30.372993
560.00	140.903336
570.00	611.520142
580.00	148.041229
590.00	160.174789
600.00	154.393631
610.00	374.481995
620.00	440.542084
630.00	210.577438
640.00	224.559586
650.00	484.460236
660.00	375.099426
670.00	508.157501
680.00	118.691734
690.00	211.787613
700.00	204.391922
710.00	167.349930
720.00	268.091278
730.00	210.535431
740.00	170.521729
750.00	336.949829
760.00	385.599182
770.00	356.116241
780.00	530.869629
790.00	199.363739
800.00	89.201790
810.00	134.974640
820.00	164.087631
830.00	178.880875
840.00	111.507393
850.00	124.074326
860.00	446.322937
870.00	515.754700
880.00	132.232864
890.00	218.662338
900.00	296.733429
910.00	342.043518
920.00	45.877331
930.00	78.642128
940.00	326.322723
950.00	339.155731
960.00	172.561066
970.00	176.629990
980.00	166.722946
990.00	360.941528
1000.00	102.181984
1010.00	279.792053
1020.00	107.163635
1030.00	450.348846
1040.00	126.022415
1050.00	287.922302
1060.00	167.736908
1070.00	21.982889
1080.00	127.065872
1090.00	200.826797
1100.00	418.367981
1110.00	149.010422
1120.00	160.098984
1130.00	238.830734
1140.00	492.263519
1150.00	448.560913
1160.00	475.634338
1170.00	55.369564
1180.00	161.268692
1190.00	91.981903
1200.00	188.585571
1210.00	83.129723
1220.00	124.503250
1230.00	194.490280
1240.00	437.973053
1250.00	149.486359
1260.00	394.266327
1270.00	350.433105
1280.00	157.354965
1290.00	93.552063
1300.00	327.456299
1310.00	227.691925
1320.00	52.935196
1330.00	163.706741
1340.00	99.958572
1350.00	663.468323
1360.00	526.994873
1370.00	339.413147
1380.00	277.596161
1390.00	56.106075
1400.00	247.326859
1410.00	98.684875
1420.00	143.263992
1430.00	265.151489
1440.00	695.008789
1450.00	212.924301
1460.00	298.136902
1470.00	252.770828
1480.00	608.328857
1490.00	131.744858
1500.00	226.422562
1510.00	225.907166
1520.00	79.452782
1530.00	127.214088
1540.00	210.861069
1550.00	262.138580
1560.00	580.828796
1570.00	204.579422
1580.00	187.085251
1590.00	355.076080
1600.00	215.533188
1610.00	196.744888
1620.00	162.235626
1630.00	110.659142
1640.00	144.409378
1650.00	484.955048
1660.00	194.700790
1670.00	415.539185
1680.00	214.204681
1690.00	210.452484
1700.00	190.268478
1710.00	212.795166
1720.00	248.864960
1730.00	276.992462
1740.00	49.282269
1750.00	135.660736
1760.00	292.809448
1770.00	373.346069
1780.00	60.503815
1790.00	84.231255
1800.00	178.946075
1810.00	225.596542
1820.00	89.871101
1830.00	118.660950
1840.00	81.618622
1850.00	87.871162
1860.00	261.327972
1870.00	298.821503
1880.00	126.266144
1890.00	335.103638
1900.00	189.254852
1910.00	68.614998
1920.00	23.290009
1930.00	109.723366
1940.00	186.789062
1950.00	149.206848
1960.00	305.690308
1970.00	297.495056
1980.00	29.967882
1990.00	212.650391
2000.00	88.181984
2010.00	330.346893
2020.00	39.189846
2030.00	187.683258
2040.00	281.924408
2050.00	509.666901
2060.00	270.920471
2070.00	97.953712
2080.00	254.179504
2090.00	137.273331
2100.00	244.729065
2110.00	57.943100
2120.00	345.143036
2130.00	423.146057
2140.00	81.295998
2150.00	82.092232
2160.00	93.899498
2170.00	252.218567
2180.00	288.034760
2190.00	53.341797
2200.00	252.459106
2210.00	160.756165
2220.00	226.478516
2230.00	315.764801
2240.00	132.923431
2250.00	366.426971
2260.00	281.739502
2270.00	64.878632
2280.00	162.017517
2290.00	216.729645
2300.00	466.013275
2310.00	443.549042
2320.00	140.461029
2330.00	397.217743
2340.00	232.684296
2350.00	167.013351
2360.00	135.761139
2370.00	342.558533
2380.00	631.096863
2390.00	229.565369
2400.00	40.071697
2410.00	103.276558
2420.00	478.161499
2430.00	177.259644
2440.00	133.611618
2450.00	128.370956
2460.00	155.566788
2470.00	275.154816
2480.00	124.694603
2490.00	105.947708
2500.00	348.680267
2510.00	317.891083
2520.00	55.603294
2530.00	95.181999
2540.00	390.264252
2550.00	113.653854
2560.00	135.626770
2570.00	43.293369
2580.00	180.918320
2590.00	523.218384
2600.00	271.157013
2610.00	107.848022
2620.00	221.540817
2630.00	121.489349
2640.00	35.420097
2650.00	146.400925
2660.00	357.896790
2670.00	503.153259
2680.00	245.764297
2690.00	66.102219
2700.00	264.205475
2710.00	29.754744
2720.00	204.997437
2730.00	250.218231
2740.00	203.183060
2750.00	129.141891
2760.00	173.423233
2770.00	60.800751
2780.00	255.914948
2790.00	263.312836
2800.00	261.204041
2810.00	152.399460
2820.00	130.303497
2830.00	153.945099
2840.00	81.053391
2850.00	176.397903
2860.00	225.145172
2870.00	145.525848
2880.00	421.557495
2890.00	156.269516
2900.00	423.647247
2910.00	455.069275
2920.00	59.638264
2930.00	165.530533
2940.00	96.781067
2950.00	127.227280
2960.00	207.703766
2970.00	107.235359
2980.00	107.659760
2990.00	364.124054
3000.00	68.583359
3010.00	157.867874
3020.00	76.683846
3030.00	248.835571
3040.00	271.147308
3050.00	136.069656
3060.00	207.515823
3070.00	285.023315
3080.00	195.023666
3090.00	122.299454
3100.00	127.863564
3110.00	70.735588
3120.00	203.284363
3130.00	99.446762
3140.00	86.648926
3150.00	358.085785
3160.00	180.099884
3170.00	82.174568
3180.00	149.250671
3190.00	70.789009
3200.00	510.938690
3210.00	46.372459
3220.00	323.189117
3230.00	133.705444
3240.00	236.375793
3250.00	164.041275
3260.00	130.712158
3270.00	163.802551
3280.00	485.869659
3290.00	155.218918
3300.00	176.967484
3310.00	257.695282
3320.00	437.560333
3330.00	303.453339
3340.00	184.927750
3350.00	105.916550
3360.00	90.940140
3370.00	370.719727
3380.00	28.466709
3390.00	330.317078
3400.00	303.537750
3410.00	237.171036
3420.00	270.183136
3430.00	414.109131
3440.00	38.502422
3450.00	30.019218
3460.00	158.863724
3470.00	130.257187
3480.00	18.827997
3490.00	150.947830
3500.00	127.444710
3510.00	175.203308
3520.00	136.751404
3530.00	380.246857
3540.00	236.723969
3550.00	84.529541
3560.00	326.681305
3570.00	343.652344
3580.00	107.840553
3590.00	196.936783
3600.00	136.092575
3610.00	63.078392
3620.00	141.589752
3630.00	92.103630
3640.00	320.266418
3650.00	284.743988
3660.00	82.396614
3670.00	149.461090
3680.00	145.018814
3690.00	375.593506
3700.00	18.929235
3710.00	155.988358
3720.00	433.338867
3730.00	201.754242
3740.00	339.460388
3750.00	171.923172
3760.00	152.731171
3770.00	21.824053
3780.00	359.103821
3790.00	154.620239
3800.00	80.288544
3810.00	224.564377
3820.00	73.649826
3830.00	112.494583
3840.00	102.304337
3850.00	140.512238
3860.00	128.282394
3870.00	169.411301
3880.00	346.170105
3890.00	199.992599
3900.00	96.434776
3910.00	29.152079
3920.00	187.507172
3930.00	230.785126
3940.00	92.135719
3950.00	115.577538
3960.00	93.001228
3970.00	318.912079
3980.00	333.508057
3990.00	305.413727
4000.00	127.275902
4010.00	399.996124
4020.00	493.090912
4030.00	88.030556
4040.00	139.415085
4050.00	81.034683
4060.00	76.985092
4070.00	271.930664
4080.00	137.236298
4090.00	311.682037
4100.00	168.515427
4110.00	386.128601
4120.00	331.457153
4130.00	172.518356
4140.00	272.404388
4150.00	605.149414
4160.00	165.079468
4170.00	192.811951
4180.00	119.094444
4190.00	180.935455
4200.00	88.661842
4210.00	279.576691
4220.00	633.457886
4230.00	392.807007
4240.00	104.153778
4250.00	157.610031
4260.00	346.352600
4270.00	193.935944
4280.00	182.141174
4290.00	212.682770
4300.00	122.708267
4310.00	186.830353
4320.00	210.320770
4330.00	196.007187
4340.00	524.104126
4350.00	175.947144
4360.00	258.471832
4370.00	123.449898
4380.00	248.089554
4390.00	112.632263
4400.00	55.142246
4410.00	159.970108
4420.00	101.715050
4430.00	176.387665
4440.00	109.060059
4450.00	185.867554
4460.00	277.862610
4470.00	95.545479
4480.00	202.767075
4490.00	117.565498
4500.00	337.596497
4510.00	113.400864
4520.00	245.459930
4530.00	29.189602
4540.00	359.893646
4550.00	192.166122
4560.00	151.911041
4570.00	166.891586
4580.00	208.561707
4590.00	211.689117
4600.00	268.230591
4610.00	122.328430
4620.00	149.415146
4630.00	413.254730
4640.00	124.322235
4650.00	44.816441
4660.00	161.631119
4670.00	210.686844
4680.00	138.020218
4690.00	57.175922
4700.00	455.952515
4710.00	59.874973
4720.00	90.605515
4730.00	152.965668
4740.00	216.305084
4750.00	174.687088
4760.00	373.265717
4770.00	43.458488
4780.00	144.240875
4790.00	305.547241
4800.00	265.572754
4810.00	192.414185
4820.00	176.666992
4830.00	108.853851
4840.00	300.777740
4850.00	234.078430
4860.00	122.369392
4870.00	194.504349
4880.00	124.645287
4890.00	83.440292
4900.00	136.235336
4910.00	164.771805
4920.00	34.773514
4930.00	216.397278
4940.00	130.020111
4950.00	231.302811
4960.00	233.287857
4970.00	368.045197
4980.00	164.781616
4990.00	211.435959
5000.00	221.682617
5010.00	241.538879
5020.00	40.635345
5030.00	180.976898
5040.00	244.428284
5050.00	265.789673
5060.00	144.351562
5070.00	98.516525
5080.00	315.824707
5090.00	196.712540
5100.00	39.059784
5110.00	30.599451
5120.00	275.431061
5130.00	275.157928
5140.00	116.611244
5150.00	88.830879
5160.00	163.582565
5170.00	258.252930
5180.00	184.639435
5190.00	32.094944
5200.00	81.406219
5210.00	358.960602
5220.00	81.121567
5230.00	104.494194
5240.00	595.753418
5250.00	106.453163
5260.00	168.705475
5270.00	94.690720
5280.00	166.633118
5290.00	162.005585
5300.00	91.247246
5310.00	36.580791
5320.00	105.281906
5330.00	57.228203
5340.00	214.368896
5350.00	133.529358
5360.00	128.946259
5370.00	101.767166
5380.00	97.225334
5390.00	218.954773
5400.00	283.338776
5410.00	177.503357
5420.00	146.397400
5430.00	29.880848
5440.00	311.963531
5450.00	106.108948
5460.00	167.449341
5470.00	88.777664
5480.00	118.726913
5490.00	48.527431
5500.00	192.458710
5510.00	173.825638
5520.00	99.270279
5530.00	315.355072
5540.00	90.862144
5550.00	252.194992
5560.00	30.699064
5570.00	251.686234
5580.00	75.623169
5590.00	168.440369
5600.00	200.710373
5610.00	401.078308
5620.00	302.600739
5630.00	241.831467
5640.00	100.428696
5650.00	240.195663
5660.00	300.180450
5670.00	288.242371
5680.00	69.299133
5690.00	235.860779
5700.00	170.428024
5710.00	126.779625
5720.00	198.544739
5730.00	257.819366
5740.00	270.440643
5750.00	378.450806
5760.00	95.704575
5770.00	136.579910
5780.00	101.103470
5790.00	128.457184
5800.00	88.084709
5810.00	315.042328
5820.00	138.174759
5830.00	282.912292
5840.00	190.179733
5850.00	173.962082
5860.00	324.782318
5870.00	273.560760
5880.00	172.503922
5890.00	227.905746
5900.00	242.432068
5910.00	338.075714
5920.00	102.021912
5930.00	259.501373
5940.00	271.033173
5950.00	51.237675
5960.00	106.516701
5970.00	85.045074
5980.00	73.543922
5990.00	115.504898
6000.00	237.961700
6010.00	253.626328
6020.00	122.968468
6030.00	181.444382
6040.00	54.966286
6050.00	20.306725
6060.00	324.480560
6070.00	223.307693
6080.00	133.385300
6090.00	72.012688
6100.00	147.548065
6110.00	220.040176
6120.00	182.959320
6130.00	107.819740
6140.00	402.083893
6150.00	209.946289
6160.00	166.348450
6170.00	61.124573
6180.00	198.464478
6190.00	178.780624
6200.00	324.503845
6210.00	92.028488
6220.00	43.558186
6230.00	368.580414
6240.00	177.357849
6250.00	111.309059
6260.00	182.187027
6270.00	271.486694
6280.00	150.135406
6290.00	124.176132
6300.00	32.645309
6310.00	95.555717
6320.00	140.563492
6330.00	22.315561
6340.00	38.826195
6350.00	345.937622
6360.00	190.789368
6370.00	32.956806
6380.00	157.723297
6390.00	48.082775
6400.00	203.392410
6410.00	74.217407
6420.00	102.162247
6430.00	28.394068
6440.00	37.974880
6450.00	186.734116
6460.00	114.283958
6470.00	130.574478
6480.00	143.016556
6490.00	61.257668
6500.00	57.273739
6510.00	91.081551
6520.00	19.434914
6530.00	105.329170
6540.00	204.456284
6550.00	73.248611
6560.00	231.444199
6570.00	34.068653
6580.00	39.816589
6590.00	82.804123
6600.00	113.515511
6610.00	93.318855
6620.00	102.287956
6630.00	76.943611
6640.00	63.753563
6650.00	110.539322
6660.00	16.906250
6670.00	318.684021
6680.00	171.593369
6690.00	101.481026
6700.00	53.569382
6710.00	187.392105
6720.00	102.744301
6730.00	83.679291
6740.00	30.851387
6750.00	117.829338
6760.00	125.983391
6770.00	116.159378
6780.00	25.252802
6790.00	92.654289
6800.00	193.734421
6810.00	90.484436
6820.00	70.616798
6830.00	162.115936
6840.00	184.608978
6850.00	84.090126
6860.00	206.469131
6870.00	150.851578
6880.00	101.381447
6890.00	91.635399
6900.00	102.892105
6910.00	120.842430
6920.00	192.899765
6930.00	234.343979
6940.00	155.060516
6950.00	108.967499
6960.00	106.368523
6970.00	167.028152
6980.00	68.810028
6990.00	65.455048
7000.00	108.493782
7010.00	135.294220
7020.00	100.914948
7030.00	34.354641
7040.00	38.154716
7050.00	219.661072
7060.00	155.684784
7070.00	50.198471
7080.00	219.719421
7090.00	152.184494
7100.00	171.799164
7110.00	143.151459
7120.00	208.284866
7130.00	142.567841
7140.00	154.098526
7150.00	117.813309
7160.00	118.336525
7170.00	211.602310
7180.00	77.679207
7190.00	52.419735
7200.00	124.318535
7210.00	73.409851
7220.00	164.474396
7230.00	87.490990
7240.00	49.964268
7250.00	69.591850
7260.00	101.831207
7270.00	57.639378
7280.00	148.878891
7290.00	156.118149
7300.00	176.073776
7310.00	96.559280
7320.00	24.671093
7330.00	257.021545
7340.00	277.383972
7350.00	204.650238
7360.00	39.614399
7370.00	192.962524
7380.00	339.930420
7390.00	147.152527
7400.00	39.743122
7410.00	199.022614
7420.00	180.543442
7430.00	50.181557
7440.00	59.257854
7450.00	66.722008
7460.00	216.946808
7470.00	154.271912
7480.00	78.748734
7490.00	216.692444
7500.00	189.215240
7510.00	113.401794
7520.00	166.591171
7530.00	56.682724
7540.00	121.526009
7550.00	93.444038
7560.00	40.449417
7570.00	174.391098
7580.00	134.218842
7590.00	298.977478
7600.00	62.843037
7610.00	68.852234
7620.00	258.401672
7630.00	172.101196
7640.00	244.076584
7650.00	34.134438
7660.00	83.201180
7670.00	216.113037
7680.00	37.375763
7690.00	99.940857
7700.00	162.632614
7710.00	202.495377
7720.00	22.030384
7730.00	22.181993
7740.00	253.008072
7750.00	98.877625
7760.00	85.492943
7770.00	102.059555
7780.00	142.158401
7790.00	63.442829
7800.00	66.178482
7810.00	69.168205
7820.00	339.215790
7830.00	368.789368
7840.00	95.352127
7850.00	79.292068
7860.00	190.485519
7870.00	215.904892
7880.00	225.193390
7890.00	79.924171
7900.00	76.225502
7910.00	207.743469
7920.00	101.949051
7930.00	88.733124
7940.00	83.060623
7950.00	144.595627
7960.00	66.407280
7970.00	103.814964
7980.00	28.083368
7990.00	80.700935
8000.00	220.709839
8010.00	95.414749
8020.00	45.938435
8030.00	73.383347
8040.00	38.340725
8050.00	35.979858
8060.00	112.122818
8070.00	250.806000
8080.00	236.808228
8090.00	98.507149
8100.00	80.193565
8110.00	122.082695
8120.00	80.977913
8130.00	57.235065
8140.00	70.213829
8150.00	158.129395
8160.00	62.545853
8170.00	96.891434
8180.00	60.660412
8190.00	234.017105
8200.00	108.465935
8210.00	124.254181
8220.00	75.656586
8230.00	269.700256
8240.00	67.125526
8250.00	46.106361
8260.00	69.690208
8270.00	152.859787
8280.00	150.320099
8290.00	135.347916
8300.00	49.606785
8310.00	61.821224
8320.00	171.808105
8330.00	84.135017
8340.00	161.955917
8350.00	22.094244
8360.00	198.389374
8370.00	53.955868
8380.00	25.908695
8390.00	175.703110
8400.00	76.230141
8410.00	124.176102
8420.00	43.281288
8430.00	42.940586
8440.00	93.965057
8450.00	163.572601
8460.00	72.205940
8470.00	77.590233
8480.00	5.699072
8490.00	87.699783
8500.00	14.151578
8510.00	34.158752
8520.00	156.160339
8530.00	77.986618
8540.00	16.207615
8550.00	67.949310
8560.00	103.133362
8570.00	194.167908
8580.00	6.889521
8590.00	9.003086
8600.00	55.910458
8610.00	229.948059
8620.00	147.471756
8630.00	107.404053
8640.00	203.085907
8650.00	71.727356
8660.00	40.026043
8670.00	40.925770
8680.00	105.407959
8690.00	133.790619
8700.00	96.534004
8710.00	58.293945
8720.00	49.037354
8730.00	155.276352
8740.00	48.727821
8750.00	131.961624
8760.00	64.700943
8770.00	169.930542
8780.00	114.383545
8790.00	109.239044
8800.00	148.308228
8810.00	113.353600
8820.00	215.101608
8830.00	32.123329
8840.00	118.328835
8850.00	132.257034
8860.00	190.740265
8870.00	92.850456
8880.00	131.264709
8890.00	149.834106
8900.00	163.423080
8910.00	77.670853
8920.00	61.747608
8930.00	133.637589
8940.00	81.912811
8950.00	82.006958
8960.00	28.326241
8970.00	205.385956
8980.00	163.840210
8990.00	69.502121
9000.00	22.971344
9010.00	144.766815
9020.00	140.923431
9030.00	35.867599
9040.00	123.069824
9050.00	106.847061
9060.00	119.728859
9070.00	158.737244
9080.00	11.297787
9090.00	103.527496
9100.00	159.949677
9110.00	51.662853
9120.00	17.792200
9130.00	134.228455
9140.00	196.488495
9150.00	111.924194
9160.00	101.581085
9170.00	94.639061
9180.00	139.490341
9190.00	82.035507
9200.00	41.983704
9210.00	36.083603
9220.00	12.771567
9230.00	231.077835
9240.00	14.961781
9250.00	18.566452
9260.00	104.014793
9270.00	38.378147
9280.00	83.718552
9290.00	111.761986
9300.00	124.852608
9310.00	93.925041
9320.00	73.363319
9330.00	28.663465
9340.00	60.580116
9350.00	57.019085
9360.00	41.788223
9370.00	120.097122
9380.00	166.655975
9390.00	49.409889
9400.00	75.123428
9410.00	45.189323
9420.00	17.080397
9430.00	67.644135
9440.00	157.599243
9450.00	62.610970
9460.00	29.761402
9470.00	70.932045
9480.00	43.638210
9490.00	33.895027
9500.00	94.759865
9510.00	25.458353
9520.00	227.300003
9530.00	159.794861
9540.00	158.867661
9550.00	6.793585
9560.00	97.150909
9570.00	74.904488
9580.00	140.654617
9590.00	234.309265
9600.00	180.495956
9610.00	104.279472
9620.00	84.632355
9630.00	133.900574
9640.00	124.454353
9650.00	108.620438
9660.00	77.458626
9670.00	137.124359
9680.00	137.206314
9690.00	90.739738
9700.00	70.090187
9710.00	56.474815
9720.00	51.439854
9730.00	41.056332
9740.00	110.482941
9750.00	101.630249
9760.00	38.853783
9770.00	155.430710
9780.00	80.162468
9790.00	105.416794
9800.00	102.425041
9810.00	75.641586
9820.00	48.467293
9830.00	189.360428
9840.00	45.152874
9850.00	48.758152
9860.00	62.092964
9870.00	46.833771
9880.00	85.074585
9890.00	132.815369
9900.00	75.635384
9910.00	29.970282
9920.00	182.710037
9930.00	74.420113
9940.00	87.026978
9950.00	42.216640
9960.00	134.584961
9970.00	63.263519
9980.00	37.038464
9990.00	71.428123
10000.00	81.976875
10010.00	60.656315
10020.00	91.572548
10030.00	58.907482
10040.00	27.741735
10050.00	66.256401
10060.00	26.932016
10070.00	94.113693
10080.00	217.006119
10090.00	118.361824
10100.00	55.765167
10110.00	77.393951
10120.00	158.865265
10130.00	62.074825
10140.00	68.365906
10150.00	101.411407
10160.00	85.730362
10170.00	80.579041
10180.00	64.212448
10190.00	13.152944
10200.00	55.013840
10210.00	36.823593
10220.00	29.209969
10230.00	108.340637
10240.00	85.851334
10250.00	236.311157
10260.00	81.610046
10270.00	92.823845
10280.00	82.530617
10290.00	224.746201
10300.00	91.965927
10310.00	73.409676
10320.00	109.318275
10330.00	110.538048
10340.00	25.899284
10350.00	37.059105
10360.00	175.291245
10370.00	234.403732
10380.00	177.547653
10390.00	50.158890
10400.00	58.408489
10410.00	195.784775
10420.00	39.971828
10430.00	77.387131
10440.00	116.996590
10450.00	132.274155
10460.00	54.461834
10470.00	133.635208
10480.00	97.923561
10490.00	150.274948
10500.00	52.975475
10510.00	85.266769
10520.00	89.602631
10530.00	234.064468
10540.00	77.191551
10550.00	113.788124
10560.00	85.849724
10570.00	178.788452
10580.00	143.794983
10590.00	45.523876
10600.00	102.611313
10610.00	114.399544
10620.00	77.197517
10630.00	17.495667
10640.00	31.458754
10650.00	51.901051
10660.00	161.063019
10670.00	34.449821
10680.00	52.028152
10690.00	4.612885
10700.00	118.215599
10710.00	70.356552
10720.00	80.612518
10730.00	76.146645
10740.00	81.063255
10750.00	64.474762
10760.00	52.474915
10770.00	167.805603
10780.00	147.991211
10790.00	42.681892
10800.00	38.326794
10810.00	137.186188
10820.00	73.230560
10830.00	140.527283
10840.00	25.840960
10850.00	56.337109
10860.00	55.439720
10870.00	98.025787
10880.00	82.975784
10890.00	132.801727
10900.00	45.626133
10910.00	54.661674
10920.00	55.687016
10930.00	51.891106
10940.00	41.653545
10950.00	19.392595
10960.00	32.452904
10970.00	13.775125
10980.00	169.084671
10990.00	95.215508
11000.00	131.595032
11010.00	21.168148
11020.00	49.617878
11030.00	181.454758
11040.00	136.403290
11050.00	64.498055
11060.00	44.008053
11070.00	84.581062
11080.00	95.324203
11090.00	55.685432
11100.00	113.170837
11110.00	89.692612
11120.00	119.889923
11130.00	62.548042
11140.00	72.305748
11150.00	118.581169
11160.00	92.531822
11170.00	99.909126
11180.00	83.928078
11190.00	74.370674
11200.00	111.026344
11210.00	73.761551
11220.00	110.825226
11230.00	248.583221
11240.00	28.124130
11250.00	17.301489
11260.00	12.486492
11270.00	96.456253
11280.00	12.449176
11290.00	55.015484
11300.00	66.829399
11310.00	10.550365
11320.00	77.695251
11330.00	41.074268
11340.00	152.188995
11350.00	203.207199
11360.00	106.679070
11370.00	89.808289
11380.00	36.425140
11390.00	66.291374
11400.00	20.291069
11410.00	34.892754
11420.00	119.036697
11430.00	57.443535
11440.00	135.430664
11450.00	89.896393
11460.00	43.401146
11470.00	41.731728
11480.00	150.004745
11490.00	57.469933
11500.00	34.031605
11510.00	81.221336
11520.00	164.162674
11530.00	68.186790
11540.00	103.224564
11550.00	72.838173
11560.00	106.773689
11570.00	207.256943
11580.00	98.997650
11590.00	100.782082
11600.00	112.042046
11610.00	120.684563
11620.00	92.057953
11630.00	136.259399
11640.00	134.923203
11650.00	126.440727
11660.00	74.768517
11670.00	53.068192
11680.00	50.145035
11690.00	30.632139
11700.00	7.239971
11710.00	69.848419
11720.00	47.677402
11730.00	101.975685
11740.00	53.230484
11750.00	40.480949
11760.00	98.935356
11770.00	130.022751
11780.00	95.878754
11790.00	78.068054
11800.00	163.292480
11810.00	73.720345
11820.00	111.466438
11830.00	101.944107
11840.00	40.197105
11850.00	124.204628
11860.00	99.748291
11870.00	27.965124
11880.00	63.061337
11890.00	157.554657
11900.00	89.666794
11910.00	28.306599
11920.00	76.188660
11930.00	187.657532
11940.00	48.428909
11950.00	124.878151
11960.00	147.783722
11970.00	21.553320
11980.00	127.069374
11990.00	17.237228
12000.00	31.894632
12010.00	253.637115
12020.00	78.311470
12030.00	58.434944
12040.00	128.937744
12050.00	81.142479
12060.00	77.146423
12070.00	85.708824
12080.00	51.067150
12090.00	129.006378
12100.00	158.911926
12110.00	41.932835
12120.00	49.562164
12130.00	90.112206
12140.00	43.469383
12150.00	107.810585
12160.00	16.308588
12170.00	56.371140
12180.00	55.135677
12190.00	56.032207
12200.00	76.485153
12210.00	125.123001
12220.00	105.310593
12230.00	50.435890
12240.00	76.433212
12250.00	33.260231
12260.00	115.785042
12270.00	57.071800
12280.00	18.970772
12290.00	102.065643
12300.00	156.593918
12310.00	121.591782
12320.00	68.236839
12330.00	62.154263
12340.00	135.958588
12350.00	19.474833
12360.00	101.661530
12370.00	28.057178
12380.00	71.747749
12390.00	59.164101
12400.00	52.220936
12410.00	48.124649
12420.00	79.133812
12430.00	21.132828
12440.00	50.217625
12450.00	43.574234
12460.00	41.615204
12470.00	46.413593
12480.00	57.969437
12490.00	29.379992
12500.00	164.682327
12510.00	21.336533
12520.00	72.086197
12530.00	34.786026
12540.00	152.284988
12550.00	162.476212
12560.00	57.396885
12570.00	41.402050
12580.00	179.465698
12590.00	131.387360
12600.00	14.318702
12610.00	19.228970
12620.00	131.567703
12630.00	60.098782
12640.00	38.338329
12650.00	52.550484
12660.00	190.659073
12670.00	58.940601
12680.00	92.472916
12690.00	39.751331
12700.00	116.091866
12710.00	37.220692
12720.00	125.824562
12730.00	21.426712
12740.00	93.434532
12750.00	59.157429
12760.00	122.466713
12770.00	114.173584
12780.00	49.455696
12790.00	126.069901
12800.00	33.631893
12810.00	51.486782
12820.00	14.796269
12830.00	161.138504
12840.00	93.846497
12850.00	39.370358
12860.00	89.774681
12870.00	137.845566
12880.00	96.530731
12890.00	38.185417
12900.00	102.521187
12910.00	143.015671
12920.00	110.263580
12930.00	78.433228
12940.00	108.329102
12950.00	77.966995
12960.00	51.844952
12970.00	17.560049
12980.00	52.130238
12990.00	196.638824
13000.00	139.523361
13010.00	109.651085
13020.00	41.052223
13030.00	86.524536
13040.00	81.817741
13050.00	43.293560
13060.00	42.424789
13070.00	79.953430
13080.00	141.060730
13090.00	95.865303
13100.00	51.818729
13110.00	76.579498
13120.00	36.931431
13130.00	103.491112
13140.00	72.528793
13150.00	18.228737
13160.00	139.935120
13170.00	96.903030
13180.00	70.360817
13190.00	76.658752
13200.00	76.455124
13210.00	111.081367
13220.00	23.033419
13230.00	64.311615
13240.00	54.016319
13250.00	60.963936
13260.00	63.876293
13270.00	126.175819
13280.00	148.148270
13290.00	9.495317
13300.00	26.361177
13310.00	48.367180
13320.00	183.934143
13330.00	84.678932
13340.00	44.710957
13350.00	68.987656
13360.00	59.946125
13370.00	66.369576
13380.00	33.420200
13390.00	54.670502
13400.00	44.381241
13410.00	168.003799
13420.00	71.173813
13430.00	77.277565
13440.00	104.048325
13450.00	106.161766
13460.00	124.109146
13470.00	40.008991
13480.00	179.260956
13490.00	148.774521
13500.00	51.801128
13510.00	31.330278
13520.00	66.066254
13530.00	112.654305
13540.00	59.717815
13550.00	63.287601
13560.00	97.039848
13570.00	67.144852
13580.00	66.562950
13590.00	49.671520
13600.00	89.083244
13610.00	102.910507
13620.00	76.245827
13630.00	37.111618
13640.00	85.057457
13650.00	41.391941
13660.00	33.850719
13670.00	39.978493
13680.00	65.219383
13690.00	90.994194
13700.00	121.047745
13710.00	52.098190
13720.00	76.590981
13730.00	59.323914
13740.00	43.122715
13750.00	113.822472
13760.00	80.647278
13770.00	31.419149
13780.00	33.794525
13790.00	37.777679
13800.00	135.898331
13810.00	55.928970
13820.00	128.978333
13830.00	24.277918
13840.00	31.462864
13850.00	8.181617
13860.00	38.682907
13870.00	34.031738
13880.00	8.843276
13890.00	172.358978
13900.00	27.280674
13910.00	73.836830
13920.00	44.926247
13930.00	10.555239
13940.00	156.668091
13950.00	33.523109
13960.00	35.101292
13970.00	112.399734
13980.00	138.011887
13990.00	77.573158
14000.00	27.179028
14010.00	243.036560
14020.00	142.625168
14030.00	93.535744
14040.00	42.536469
14050.00	62.637360
14060.00	164.502121
14070.00	99.163200
14080.00	87.145065
14090.00	73.269608
14100.00	110.001091
14110.00	26.794296
14120.00	64.713829
14130.00	43.437519
14140.00	77.468521
14150.00	72.898514
14160.00	55.974613
14170.00	54.805000
14180.00	59.736279
14190.00	60.996223
14200.00	77.711594
14210.00	52.284866
14220.00	78.908669
14230.00	126.752083
14240.00	50.623222
14250.00	110.505547
14260.00	107.210907
14270.00	75.831764
14280.00	43.212101
14290.00	7.344728
14300.00	124.129868
14310.00	85.977791
14320.00	121.309296
14330.00	61.234772
14340.00	85.895172
14350.00	56.433746
14360.00	46.441910
14370.00	70.780846
14380.00	84.993607
14390.00	19.502718
14400.00	134.122696
14410.00	58.892651
14420.00	53.780956
14430.00	122.666634
14440.00	50.178329
14450.00	38.406288
14460.00	72.298416
14470.00	94.798088
14480.00	76.468063
14490.00	16.322596
14500.00	122.144836
14510.00	181.399414
14520.00	40.319386
14530.00	79.538971
14540.00	141.924423
14550.00	44.076569
14560.00	51.488804
14570.00	51.153145
14580.00	172.689835
14590.00	168.772675
14600.00	38.000706
14610.00	62.752491
14620.00	80.696320
14630.00	114.516449
14640.00	46.070900
14650.00	51.493156
14660.00	134.211899
14670.00	59.140675
14680.00	58.378452
14690.00	12.238652
14700.00	39.776817
14710.00	110.432701
14720.00	88.356270
14730.00	102.505638
14740.00	60.021606
14750.00	92.512535
14760.00	248.465088
14770.00	126.775108
14780.00	31.794025
14790.00	100.668411
14800.00	117.135803
14810.00	15.457271
14820.00	35.333069
14830.00	61.436615
14840.00	126.254501
14850.00	91.092987
14860.00	47.547504
14870.00	18.998331
14880.00	80.622665
14890.00	101.727287
14900.00	37.463276
14910.00	138.562653
14920.00	104.773094
14930.00	32.896965
14940.00	6.805053
14950.00	170.465057
14960.00	138.419556
14970.00	89.965042
14980.00	88.935600
14990.00	38.557571
15000.00	17.248571
15010.00	187.577118
15020.00	26.865471
15030.00	193.785339
15040.00	77.388748
15050.00	173.177689
15060.00	31.423435
15070.00	97.573242
15080.00	64.784691
15090.00	58.178955
15100.00	74.997337
15110.00	86.082359
15120.00	48.420258
15130.00	51.227020
15140.00	117.705704
15150.00	61.730869
15160.00	49.041840
15170.00	65.562202
15180.00	48.403271
15190.00	47.121552
15200.00	69.280205
15210.00	104.527702
15220.00	47.588406
15230.00	8.963350
15240.00	138.527130
15250.00	58.311218
15260.00	29.266380
15270.00	102.520203
15280.00	36.104065
15290.00	57.886093
15300.00	78.494583
15310.00	22.171999
15320.00	62.414940
15330.00	90.196274
15340.00	25.843496
15350.00	12.925233
15360.00	110.085091
15370.00	130.872742
15380.00	20.514389
15390.00	28.043280
15400.00	179.956711
15410.00	74.231461
15420.00	29.907633
15430.00	15.271742
15440.00	124.545372
15450.00	50.071690
15460.00	38.701500
15470.00	55.456844
15480.00	17.301516
15490.00	23.679274
15500.00	40.890770
15510.00	49.560802
15520.00	48.984879
15530.00	71.769730
15540.00	74.532089
15550.00	90.386505
15560.00	61.900871
15570.00	104.489990
15580.00	54.325935
15590.00	55.831455
15600.00	21.618967
15610.00	146.946030
15620.00	51.165508
15630.00	119.103889
15640.00	39.394138
15650.00	61.120750
15660.00	118.252480
15670.00	70.280640
15680.00	48.148247
15690.00	107.560303
15700.00	85.987038
15710.00	158.754684
15720.00	22.119429
15730.00	27.864056
15740.00	96.220543
15750.00	57.190166
15760.00	9.251085
15770.00	99.898224
15780.00	34.503696
15790.00	44.116138
15800.00	81.895706
15810.00	58.871975
15820.00	99.622223
15830.00	102.790810
15840.00	45.056030
15850.00	70.930740
15860.00	59.349575
15870.00	73.928215
15880.00	121.269188
15890.00	41.157093
15900.00	118.348595
15910.00	133.175125
15920.00	67.326881
15930.00	55.533470
15940.00	95.422157
15950.00	193.960510
15960.00	52.053246
15970.00	83.680305
15980.00	75.945236
15990.00	33.759338
16000.00	119.376511
16010.00	30.466076
16020.00	24.876774
16030.00	165.976318
16040.00	194.509430
16050.00	36.649910
16060.00	145.910065
16070.00	16.106380
16080.00	29.580164
16090.00	28.118784
16100.00	37.963608
16110.00	95.378609
16120.00	103.711884
16130.00	15.323677
16140.00	43.790478
16150.00	63.896328
16160.00	64.440010
16170.00	28.738913
16180.00	49.721542
16190.00	37.509434
16200.00	18.108377
16210.00	66.169907
16220.00	20.110180
16230.00	28.200832
16240.00	63.973503
16250.00	14.958622
16260.00	60.256958
16270.00	117.589027
16280.00	76.860397
16290.00	111.092613
16300.00	64.251228
16310.00	20.285814
16320.00	26.045149
16330.00	74.918846
16340.00	95.642746
16350.00	43.223812
16360.00	16.406746
16370.00	57.394707
16380.00	60.700520
16390.00	82.973793
16400.00	102.483299
16410.00	31.597448
16420.00	70.501518
16430.00	21.368671
16440.00	46.062668
16450.00	22.250019
16460.00	52.774345
16470.00	81.348473
16480.00	19.776501
16490.00	34.001213
16500.00	39.826263
16510.00	16.390123
16520.00	82.386810
16530.00	69.432968
16540.00	36.822407
16550.00	45.187969
16560.00	33.667393
16570.00	81.388382
16580.00	48.695412
16590.00	97.346420
16600.00	79.617775
16610.00	117.857834
16620.00	56.914764
16630.00	44.733971
16640.00	36.472900
16650.00	74.851120
16660.00	8.488190
16670.00	15.697766
16680.00	63.627686
16690.00	102.548279
16700.00	125.836365
16710.00	57.661427
16720.00	71.819244
16730.00	71.980797
16740.00	70.221573
16750.00	44.128929
16760.00	143.125549
16770.00	81.431793
16780.00	39.933975
16790.00	22.855774
16800.00	148.859161
16810.00	24.277695
16820.00	21.545979
16830.00	93.138847
16840.00	58.227833
16850.00	199.384598
16860.00	19.566092
16870.00	74.682381
16880.00	110.079727
16890.00	37.210426
16900.00	104.194466
16910.00	40.740086
16920.00	83.508690
16930.00	196.011261
16940.00	33.217293
16950.00	75.342178
16960.00	8.841866
16970.00	179.057922
16980.00	83.580917
16990.00	40.249073
17000.00	8.283717
17010.00	109.272781
17020.00	55.315842
17030.00	10.384105
17040.00	71.114090
17050.00	54.030437
17060.00	49.243542
17070.00	21.240679
17080.00	54.861683
17090.00	123.934639
17100.00	69.284744
17110.00	61.666203
17120.00	72.914513
17130.00	125.078712
17140.00	47.730385
17150.00	41.115158
17160.00	17.398903
17170.00	129.432068
17180.00	38.621983
17190.00	37.769478
17200.00	46.701496
17210.00	61.720280
17220.00	49.957787
17230.00	119.026840
17240.00	70.975342
17250.00	6.517924
17260.00	13.479273
17270.00	31.568481
17280.00	42.176865
17290.00	86.062042
17300.00	151.623230
17310.00	57.853519
17320.00	7.647166
17330.00	37.521637
17340.00	45.018078
17350.00	28.898911
17360.00	39.013031
17370.00	103.281784
17380.00	76.643066
17390.00	90.039650
17400.00	26.059858
17410.00	39.292820
17420.00	104.440315
17430.00	25.452904
17440.00	74.357910
17450.00	27.500185
17460.00	94.722816
17470.00	146.143051
17480.00	71.631622
17490.00	20.751911
17500.00	23.934824
17510.00	90.476959
17520.00	46.096611
17530.00	32.351875
17540.00	76.067024
17550.00	51.669857
17560.00	43.023823
17570.00	62.477779
17580.00	10.300206
17590.00	98.793640
17600.00	20.570040
17610.00	51.663307
17620.00	30.140083
17630.00	23.194820
17640.00	113.948708
17650.00	42.393223
17660.00	89.375534
17670.00	44.112465
17680.00	85.174042
17690.00	11.324010
17700.00	103.684250
17710.00	57.028255
17720.00	57.543907
17730.00	43.941704
17740.00	57.615253
17750.00	122.511818
17760.00	69.038765
17770.00	60.521725
17780.00	39.092007
17790.00	140.914108
17800.00	69.809494
17810.00	78.195190
17820.00	22.237024
17830.00	54.161362
17840.00	81.974281
17850.00	36.266804
17860.00	56.324375
17870.00	98.594437
17880.00	51.500008
17890.00	37.493973
17900.00	72.226875
17910.00	64.894897
17920.00	41.346054
17930.00	11.575085
17940.00	65.205360
17950.00	60.306335
17960.00	13.681103
17970.00	41.061115
17980.00	91.108543
17990.00	29.776636
18000.00	164.426880
18010.00	58.223919
18020.00	48.426037
18030.00	51.000198
18040.00	50.864826
18050.00	57.751743
18060.00	32.972420
18070.00	91.764122
18080.00	144.109665
18090.00	52.128254
18100.00	43.634262
18110.00	87.387428
18120.00	91.182602
18130.00	81.296127
18140.00	46.884594
18150.00	65.510857
18160.00	68.516479
18170.00	80.623383
18180.00	49.614960
18190.00	124.077881
18200.00	97.403526
18210.00	70.625320
18220.00	21.019197
18230.00	61.895760
18240.00	78.773880
18250.00	81.235199
18260.00	50.663036
18270.00	76.223557
18280.00	78.497635
18290.00	115.493538
18300.00	26.763670
18310.00	47.761230
18320.00	72.528465
18330.00	86.322350
18340.00	82.993484
18350.00	31.513443
18360.00	40.886269
18370.00	82.432358
18380.00	51.458870
18390.00	17.884398
18400.00	59.370312
18410.00	39.872650
18420.00	73.385094
18430.00	23.771460
18440.00	139.099091
18450.00	150.583115
18460.00	19.568731
18470.00	57.265957
18480.00	66.015617
18490.00	134.230774
18500.00	27.434746
18510.00	31.086901
18520.00	29.165884
18530.00	93.050690
18540.00	57.330780
18550.00	27.526648
18560.00	66.863365
18570.00	56.891766
18580.00	75.305992
18590.00	89.466171
18600.00	34.500519
18610.00	82.425919
18620.00	52.081776
18630.00	16.357014
18640.00	60.778172
18650.00	140.346802
18660.00	146.666580
18670.00	67.887146
18680.00	84.920998
18690.00	7.101605
18700.00	78.833557
18710.00	52.364910
18720.00	39.175930
18730.00	163.469177
18740.00	164.205963
18750.00	54.398403
18760.00	26.469395
18770.00	51.527702
18780.00	48.293854
18790.00	66.943573
18800.00	25.002615
18810.00	113.787743
18820.00	90.574280
18830.00	23.194769
18840.00	23.981075
18850.00	155.749664
18860.00	146.867767
18870.00	27.190542
18880.00	34.068932
18890.00	115.353699
18900.00	170.995911
18910.00	32.037899
18920.00	20.045441
18930.00	108.144424
18940.00	89.038574
18950.00	134.055618
18960.00	28.282623
18970.00	90.429512
18980.00	48.466156
18990.00	86.406212
19000.00	56.168774
19010.00	107.436241
19020.00	75.074913
19030.00	12.798634
19040.00	11.207104
19050.00	73.320015
19060.00	73.136604
19070.00	49.563396
19080.00	52.951092
19090.00	77.463058
19100.00	99.256355
19110.00	81.074104
19120.00	27.270905
19130.00	33.498096
19140.00	96.777344
19150.00	103.122063
19160.00	64.785767
19170.00	27.264366
19180.00	10.697227
19190.00	128.545441
19200.00	83.892723
19210.00	1.504413
19220.00	25.391733
19230.00	109.699936
19240.00	58.240166
19250.00	36.339867
19260.00	36.802048
19270.00	112.798515
19280.00	19.398705
19290.00	26.055079
19300.00	42.933655
19310.00	64.276054
19320.00	76.728073
19330.00	37.070274
19340.00	31.526735
19350.00	28.939074
19360.00	38.502644
19370.00	54.042538
19380.00	81.512039
19390.00	109.943832
19400.00	40.537067
19410.00	57.804211
19420.00	41.122978
19430.00	100.387825
19440.00	44.501949
19450.00	35.557560
19460.00	65.968292
19470.00	98.617569
19480.00	55.978802
19490.00	73.072548
19500.00	65.183357
19510.00	92.362961
19520.00	102.195183
19530.00	34.625690
19540.00	60.678345
19550.00	108.865120
19560.00	69.023247
19570.00	58.820705
19580.00	66.367996
19590.00	146.553772
19600.00	46.102261
19610.00	31.723679
19620.00	13.542473
19630.00	100.386383
19640.00	88.106361
19650.00	72.469582
19660.00	54.861202
19670.00	124.853088
19680.00	156.252518
19690.00	49.357014
19700.00	39.961464
19710.00	145.534393
19720.00	86.275749
19730.00	70.759651
19740.00	10.807118
19750.00	52.856392
19760.00	93.379295
19770.00	31.722836
19780.00	53.230019
19790.00	47.894653
19800.00	11.181241
19810.00	49.170261
19820.00	7.029645
19830.00	18.970095
19840.00	66.445686
19850.00	22.719955
19860.00	39.420494
19870.00	46.118813
19880.00	119.651726
19890.00	93.214691
19900.00	26.530794
19910.00	67.136711
19920.00	104.788818
19930.00	42.740894
19940.00	33.251575
19950.00	60.793690
19960.00	13.643955
19970.00	90.810921
19980.00	34.124699
19990.00	30.770084
20000.00	58.796295

======================================================================
TIME-DOMAIN SAMPLES (first 200 original vs filtered)
======================================================================
0	0.00000000	0.00000000
1	0.30603027	0.00000000
2	0.21563721	0.00000000
3	0.21856689	0.00000000
4	0.18701172	0.00000000
5	0.22494507	0.00000000
6	0.23956299	0.00000000
7	0.24853516	0.00000000
8	0.22015381	0.00000000
9	0.14035034	0.00000000
10	0.27514648	0.00000000
11	0.23541260	0.00000000
12	0.14474487	0.00000000
13	0.26849365	0.00000000
14	0.22784424	0.00000000
15	0.18432617	0.00000000
16	0.16235352	0.00000000
17	0.25881958	0.00000000
18	0.22473145	0.00000000
19	0.20471191	0.00000000
20	0.21667480	0.00000000
21	0.12802124	0.00000000
22	0.19894409	0.00000000
23	0.30126953	0.00000000
24	0.23205566	0.00000000
25	0.12985229	0.00000000
26	0.14529419	0.00000000
27	0.22528076	0.00000000
28	0.17053223	0.00000000
29	0.28805542	0.00000000
30	0.23297119	0.00000000
31	0.13061523	0.00000000
32	0.14199829	0.00000000
33	0.17092896	0.00000000
34	0.20538330	0.00000000
35	0.21160889	0.00000000
36	0.26556396	0.00000000
37	0.20355225	0.00000000
38	0.12832642	0.00000000
39	0.25350952	0.00000000
40	0.07791138	0.00000000
41	0.10125732	0.00000000
42	0.19387817	0.00000000
43	0.26202393	0.00000000
44	0.24578857	0.00000000
45	0.20269775	0.00000000
46	0.21981812	0.00000000
47	0.13497925	0.00000000
48	0.13626099	0.00000000
49	0.17361450	0.00000000
50	-0.00128174	0.00000000
51	0.19888306	0.00000000
52	0.23995972	0.00000000
53	0.21936035	0.00000000
54	0.15774536	0.00000000
55	0.23278809	0.00000000
56	0.25253296	0.00000000
57	0.16632080	-0.00003052
58	0.16445923	-0.00003052
59	0.11358643	-0.00003052
60	0.05047607	-0.00003052
61	0.16790771	-0.00003052
62	0.06536865	-0.00003052
63	0.10198975	-0.00003052
64	0.19482422	-0.00003052
65	0.33978271	-0.00003052
66	0.17944336	-0.00003052
67	0.11892700	-0.00003052
68	0.17443848	-0.00003052
69	0.20382690	-0.00003052
70	0.24438477	-0.00003052
71	0.22598267	-0.00003052
72	0.07647705	-0.00003052
73	0.03219604	-0.00003052
74	0.06692505	-0.00003052
75	0.14294434	-0.00003052
76	-0.00314331	-0.00003052
77	0.16125488	-0.00003052
78	0.16525269	-0.00003052
79	0.16900635	-0.00003052
80	0.22317505	-0.00003052
81	0.22985840	-0.00003052
82	0.16802979	-0.00003052
83	0.11437988	-0.00003052
84	0.15338135	-0.00003052
85	0.20352173	-0.00003052
86	0.16003418	-0.00003052
87	0.33276367	-0.00003052
88	0.07714844	-0.00003052
89	0.04077148	0.00000000
90	0.04580688	0.00000000
91	0.06848145	0.00000000
92	0.05935669	0.00000000
93	0.07711792	0.00000000
94	0.08843994	0.00000000
95	0.02313232	0.00000000
96	0.08148193	0.00003052
97	0.29733276	0.00003052
98	0.19635010	0.00006104
99	0.25595093	0.00006104
100	0.10455322	0.00009155
101	0.08831787	0.00012207
102	0.11883545	0.00012207
103	0.23367310	0.00015259
104	0.16836548	0.00018311
105	0.09106445	0.00021362
106	0.18765259	0.00024414
107	0.24697876	0.00027466
108	0.14004517	0.07852173
109	0.12008667	0.08593750
110	-0.02191162	0.10156250
111	0.01358032	0.10937500
112	0.01004028	0.12500000
113	0.11477661	0.13281250
114	-0.00671387	0.14843750
115	0.05566406	0.16406250
116	0.09054565	0.17968750
117	0.00973511	0.19531250
118	0.03274536	0.21093750
119	0.18728638	0.23437500
120	0.25134277	0.25000000
121	0.23379517	0.27343750
122	0.11569214	0.29687500
123	0.15762329	0.32031250
124	0.03125000	0.34375000
125	0.21527100	0.36718750
126	0.10983276	0.39843750
127	0.04354858	0.42187500
128	0.13327026	0.45312500
129	0.20718384	0.48437500
130	0.18182373	0.51562500
131	0.13662720	0.55468750
132	0.14700317	0.58593750
133	0.15963745	0.62500000
134	0.03375244	0.66406250
135	0.15167236	0.71093750
136	-0.07623291	0.75000000
137	-0.03073120	0.79687500
138	0.02032471	0.84375000
139	0.02926636	0.89843750
140	0.00549316	0.95312500
141	0.04241943	-1.00000000
142	0.06152344	-0.93750000
143	-0.00830078	-0.88281250
144	-0.01287842	-0.82031250
145	0.10397339	-0.75781250
146	0.00762939	-0.68750000
147	0.16705322	-0.61718750
148	0.21145630	-0.54687500
149	0.24832153	-0.47656250
150	0.15289307	-0.39843750
151	0.14190674	-0.32031250
152	0.04724121	-0.23437500
153	0.02413940	-0.14843750
154	0.12942505	-0.06250000
155	0.13299561	0.03125000
156	0.05432129	0.12503052
157	0.13226318	0.21878052
158	0.10147095	0.32034302
159	0.10961914	0.42971802
160	0.06671143	0.53128052
161	0.25411987	0.64846802
162	0.14358521	0.75784302
163	0.12646484	0.87503052
164	0.08728027	-0.99996948
165	0.00103760	-0.87496948
166	0.05075073	-0.74996948
167	0.07629395	-0.61715698
168	-0.04968262	-0.47653198
169	-0.12313843	-0.33590698
170	-0.06750488	-0.19528198
171	0.13281250	-0.04684448
172	-0.04370117	0.10159302
173	0.00988770	0.25787354
174	-0.05639648	0.42193604
175	-0.02621460	0.57818604
176	0.08560181	0.75006104
177	0.03903198	0.92193604
178	-0.05200195	-0.90618896
179	-0.05062866	-0.72650146
180	0.05688477	-0.53900146
181	0.13876343	-0.35931396
182	0.11993408	-0.16400146
183	0.32705688	0.03131104
184	0.19290161	0.23446655
185	0.09747314	0.43759155
186	0.03012085	0.64071655
187	0.01858521	0.85165405
188	0.06567383	-0.92959595
189	0.11575317	-0.71084595
190	0.08938599	-0.48428345
191	-0.01171875	-0.25772095
192	0.04000854	-0.02334595
193	0.17202759	0.21102905
194	0.06210327	0.45324707
195	0.07275391	0.70324707
196	0.05020142	0.94543457
197	0.10614014	-0.79675293
198	0.12628174	-0.53894043
199	0.21484375	-0.28112793
