USFMH Diagnostic Dump
Sample mode: 14
Sample rate: 48000 Hz
Original samples: 144000
Filtered samples: 144000
FIR taps: 501
Number of bands: 32

======================================================================
ORIGINAL AUDIO STATISTICS
======================================================================
  min: -0.905975
  max: 0.901642
  mean: 0.000023
  rms: 0.310893

======================================================================
FILTERED AUDIO STATISTICS
======================================================================
  min: -1.000000
  max: 0.999969
  mean: 0.003263
  rms: 0.451651

======================================================================
ORIGINAL FFT — TOP 20 PEAKS (positive freqs, up to 20 kHz)
======================================================================
   1.     392.00 Hz  amplitude=21706.6602
   2.    1975.33 Hz  amplitude=12199.4336
   3.    1975.67 Hz  amplitude=12195.6211
   4.    4698.67 Hz  amplitude=9293.4229
   5.    5301.33 Hz  amplitude=7304.1099
   6.    1975.00 Hz  amplitude=4067.7444
   7.    1976.00 Hz  amplitude=4063.9321
   8.    1974.67 Hz  amplitude=2441.4109
   9.    1976.33 Hz  amplitude=2437.5837
  10.    4698.33 Hz  amplitude=2324.8235
  11.    5301.67 Hz  amplitude=1825.3898
  12.    1974.33 Hz  amplitude=1744.4094
  13.    1976.67 Hz  amplitude=1740.6071
  14.    4699.00 Hz  amplitude=1547.9218
  15.    1974.00 Hz  amplitude=1357.1857
  16.    1977.00 Hz  amplitude=1353.3788
  17.    5301.00 Hz  amplitude=1217.7755
  18.    1973.67 Hz  amplitude=1110.7734
  19.    1977.33 Hz  amplitude=1106.9679
  20.    4698.00 Hz  amplitude=1033.9075

======================================================================
FILTERED FFT — TOP 20 PEAKS (positive freqs, up to 20 kHz)
======================================================================
   1.     390.00 Hz  amplitude=14870.0234
   2.     389.67 Hz  amplitude=4856.1631
   3.     390.33 Hz  amplitude=3146.5857
   4.     740.00 Hz  amplitude=3042.2925
   5.     565.00 Hz  amplitude=2876.7485
   6.     819.67 Hz  amplitude=2627.8052
   7.    1169.67 Hz  amplitude=2428.7461
   8.    1949.67 Hz  amplitude=2417.7795
   9.    2730.00 Hz  amplitude=1562.0284
  10.    3159.67 Hz  amplitude=1536.2410
  11.    3509.33 Hz  amplitude=1524.1484
  12.    3079.67 Hz  amplitude=1461.0942
  13.    3159.33 Hz  amplitude=1387.3480
  14.     215.00 Hz  amplitude=1375.0137
  15.    2729.33 Hz  amplitude=1337.7513
  16.    1345.00 Hz  amplitude=1325.3289
  17.    4289.67 Hz  amplitude=1322.5234
  18.    2729.67 Hz  amplitude=1282.2379
  19.    4640.00 Hz  amplitude=1221.4354
  20.    7838.00 Hz  amplitude=1211.3182

======================================================================
PER-BAND FILTER ANALYSIS
Band        fmin        fmax     fcenter   Peak dB   Gain@ctr   Orig energy   Filt energy     Ratio
----------------------------------------------------------------------------------------------------
   0       33.50       41.50       37.50      0.37      -0.01        372.22    1218476.12  3273.5413
   1       41.50       51.00       46.25      0.54      -0.01        422.01    1051383.75  2491.3994
   2       51.00       62.50       56.75      0.75       0.03        495.82    1452295.62  2929.0928
   3       62.50       77.00       69.75      0.99      -0.02        613.95    2219458.25  3615.0266
   4       77.00       95.00       86.00      1.19       0.03        761.05    3253841.75  4275.4829
   5       95.00      117.50      106.25      1.10       0.02        936.94    3103013.25  3311.8738
   6      117.50      145.00      131.25      0.35      -0.01       1141.37    4902836.50  4295.5620
   7      145.00      178.50      161.75      0.02       0.00       1388.24    6031153.50  4344.4663
   8      178.50      220.00      199.25      0.00       0.00       1722.70   11775801.00  6835.6558
   9      220.00      271.50      245.75     -0.00      -0.00       2148.54   12294936.00  5722.4707
  10      271.50      335.00      303.25     -0.00      -0.00       2667.83   16010256.00  6001.2383
  11      335.00      413.00      374.00     -0.00      -0.00  471182272.00  284516288.00    0.6038
  12      413.00      509.00      461.00     -0.00      -0.00       4182.52   19307632.00  4616.2700
  13      509.00      627.50      568.25     -0.00      -0.00       5345.26   23416136.00  4380.7324
  14      627.50      773.50      700.50     -0.00      -0.00       8453.58   22811918.00  2698.4919
  15      773.50      953.00      863.25     -0.00      -0.00       9227.03   17913838.00  1941.4530
  16      953.00     1174.00     1063.50      0.00       0.00      13388.59   22613258.00  1688.9945
  17     1174.00     1446.00     1310.00     -0.00      -0.00      24462.07   19857530.00  811.7682
  18     1446.00     1781.50     1613.75     -0.00      -0.00      70292.84   23479754.00  334.0276
  19     1781.50     2195.50     1988.50     -0.00      -0.00  366983424.00   29351184.00    0.0800
  20     2195.50     2705.00     2450.25     -0.00      -0.00      34033.13   29377920.00  863.2153
  21     2705.00     3333.00     3019.00     -0.00      -0.00      19241.21   62373144.00  3241.6433
  22     3333.00     4107.00     3720.00     -0.00      -0.00       8572.36   51675172.00  6028.1182
  23     4107.00     5060.00     4583.50      0.00       0.00   98700856.00   88260544.00    0.8942
  24     5060.00     6234.50     5647.25      0.00       0.00   60956336.00   78674480.00    1.2907
  25     6234.50     7681.00     6957.75      0.00      -0.00      16188.56  106144928.00  6556.7852
  26     7681.00     8739.50     8210.25      0.00      -0.00    1359694.00   78812824.00   57.9636
  27     8739.50     9722.50     9231.00      0.00       0.00       3399.69   62091584.00  18263.8730
  28     9722.50    12722.50    11222.50      0.00       0.00     322077.44  213278320.00  662.1958
  29    12722.50    15000.00    13861.25      0.00       0.00    1093520.75  154649088.00  141.4231
  30    15000.00    17500.00    16250.00      0.00       0.00     915044.75  180355264.00  197.0999
  31    17500.00    20000.00    18750.00      0.00       0.00      68545.66  231367232.00  3375.3740

======================================================================
ORIGINAL FFT DATA (freq_hz, amplitude) — positive freqs <= 20 kHz
======================================================================
0.00	3.360199
10.00	3.302489
20.00	2.718354
30.00	4.340635
40.00	3.883785
50.00	3.786067
60.00	3.756306
70.00	3.746608
80.00	3.729590
90.00	3.710032
100.00	3.719545
110.00	3.710149
120.00	3.709131
130.00	3.711218
140.00	3.716057
150.00	3.707729
160.00	3.702633
170.00	3.715372
180.00	3.710203
190.00	3.707749
200.00	3.709225
210.00	3.698967
220.00	3.716102
230.00	3.718940
240.00	3.705496
250.00	3.708058
260.00	3.722529
270.00	3.738335
280.00	3.731369
290.00	3.731473
300.00	3.739588
310.00	3.738378
320.00	3.737648
330.00	3.742246
340.00	3.747732
350.00	3.755284
360.00	3.764441
370.00	3.762139
380.00	3.775019
390.00	3.770132
400.00	3.771853
410.00	3.778533
420.00	3.783455
430.00	3.783925
440.00	3.799006
450.00	3.800913
460.00	3.803315
470.00	3.809592
480.00	3.823992
490.00	3.821186
500.00	3.824124
510.00	3.829071
520.00	3.840906
530.00	3.854431
540.00	3.863138
550.00	3.856463
560.00	3.868236
570.00	3.882681
580.00	3.881592
590.00	3.882884
600.00	3.888652
610.00	3.913609
620.00	3.923666
630.00	3.928817
640.00	3.932880
650.00	3.959988
660.00	3.976893
670.00	4.004498
680.00	4.027865
690.00	4.163004
700.00	3.086103
710.00	3.829538
720.00	3.894681
730.00	3.935723
740.00	3.965358
750.00	3.977868
760.00	3.988697
770.00	4.011631
780.00	4.016663
790.00	4.041112
800.00	4.042965
810.00	4.055517
820.00	4.075099
830.00	4.094771
840.00	4.099251
850.00	4.112264
860.00	4.121753
870.00	4.146921
880.00	4.161649
890.00	4.156272
900.00	4.196361
910.00	4.202977
920.00	4.213942
930.00	4.241255
940.00	4.250720
950.00	4.273302
960.00	4.277878
970.00	4.291193
980.00	4.313305
990.00	4.343682
1000.00	4.349146
1010.00	4.368592
1020.00	4.372979
1030.00	4.416317
1040.00	4.433300
1050.00	4.442730
1060.00	4.469407
1070.00	4.489072
1080.00	4.512099
1090.00	4.537744
1100.00	4.562278
1110.00	4.579770
1120.00	4.608447
1130.00	4.633547
1140.00	4.652590
1150.00	4.677834
1160.00	4.720606
1170.00	4.730263
1180.00	4.773365
1190.00	4.809602
1200.00	4.830596
1210.00	4.854077
1220.00	4.885105
1230.00	4.913929
1240.00	4.939467
1250.00	4.969427
1260.00	5.005186
1270.00	5.036003
1280.00	5.047127
1290.00	5.047921
1300.00	4.569191
1310.00	5.394113
1320.00	5.351834
1330.00	5.367228
1340.00	5.404915
1350.00	5.436415
1360.00	5.496871
1370.00	5.534866
1380.00	5.591067
1390.00	5.640810
1400.00	5.695002
1410.00	5.755314
1420.00	5.818748
1430.00	5.880465
1440.00	5.944889
1450.00	6.008695
1460.00	6.083484
1470.00	6.143818
1480.00	6.237452
1490.00	6.317047
1500.00	6.397427
1510.00	6.492736
1520.00	6.583482
1530.00	6.679285
1540.00	6.789137
1550.00	6.879891
1560.00	6.992946
1570.00	7.115501
1580.00	7.239558
1590.00	7.364226
1600.00	7.494306
1610.00	7.641128
1620.00	7.813984
1630.00	7.968542
1640.00	8.140448
1650.00	8.312048
1660.00	8.508854
1670.00	8.718216
1680.00	8.943727
1690.00	9.186045
1700.00	9.424167
1710.00	9.709343
1720.00	9.999685
1730.00	10.325489
1740.00	10.681732
1750.00	11.051917
1760.00	11.463349
1770.00	11.915547
1780.00	12.415657
1790.00	12.967832
1800.00	13.581338
1810.00	14.292187
1820.00	15.072777
1830.00	15.968046
1840.00	16.994217
1850.00	18.182892
1860.00	19.597672
1870.00	21.243893
1880.00	23.252964
1890.00	25.737078
1900.00	28.896015
1910.00	33.001183
1920.00	38.574772
1930.00	46.627048
1940.00	59.207813
1950.00	81.658752
1960.00	133.075577
1970.00	371.525787
1980.00	449.856598
1990.00	138.323380
2000.00	81.118500
2010.00	57.104351
2020.00	44.099049
2030.00	35.119289
2040.00	29.517242
2050.00	25.328632
2060.00	22.129938
2070.00	19.595575
2080.00	17.539354
2090.00	15.847090
2100.00	14.447563
2110.00	13.245630
2120.00	12.192996
2130.00	11.293925
2140.00	10.503787
2150.00	9.782978
2160.00	9.184520
2170.00	8.618529
2180.00	8.123913
2190.00	7.663398
2200.00	7.248736
2210.00	6.860471
2220.00	6.524147
2230.00	6.205961
2240.00	5.905370
2250.00	5.636254
2260.00	5.383575
2270.00	5.138612
2280.00	4.940494
2290.00	4.730650
2300.00	4.541971
2310.00	4.359956
2320.00	4.186772
2330.00	4.019855
2340.00	3.887493
2350.00	3.762460
2360.00	3.619895
2370.00	3.498362
2380.00	3.384534
2390.00	3.263804
2400.00	3.161752
2410.00	3.069452
2420.00	2.970198
2430.00	2.884112
2440.00	2.798629
2450.00	2.719814
2460.00	2.642272
2470.00	2.569563
2480.00	2.496458
2490.00	2.418904
2500.00	2.379296
2510.00	2.321104
2520.00	2.265174
2530.00	2.207954
2540.00	2.156144
2550.00	2.101208
2560.00	2.070568
2570.00	2.020734
2580.00	1.978183
2590.00	1.939467
2600.00	1.910999
2610.00	1.879411
2620.00	1.843447
2630.00	1.810052
2640.00	1.801606
2650.00	1.757552
2660.00	1.756898
2670.00	1.740906
2680.00	1.780779
2690.00	1.982410
2700.00	5.292342
2710.00	1.606603
2720.00	1.539697
2730.00	1.522687
2740.00	1.506410
2750.00	1.494908
2760.00	1.533068
2770.00	1.480199
2780.00	1.462099
2790.00	1.452599
2800.00	1.445021
2810.00	1.444069
2820.00	1.424490
2830.00	1.413156
2840.00	1.414852
2850.00	1.402366
2860.00	1.401295
2870.00	1.393867
2880.00	1.391680
2890.00	1.386700
2900.00	1.377264
2910.00	1.380445
2920.00	1.364489
2930.00	1.376468
2940.00	1.379230
2950.00	1.372387
2960.00	1.363976
2970.00	1.370904
2980.00	1.365389
2990.00	1.365026
3000.00	1.379645
3010.00	1.371622
3020.00	1.380670
3030.00	1.373346
3040.00	1.378385
3050.00	1.382335
3060.00	1.376543
3070.00	1.384552
3080.00	1.388600
3090.00	1.389001
3100.00	1.400633
3110.00	1.401724
3120.00	1.392163
3130.00	1.410856
3140.00	1.412464
3150.00	1.415987
3160.00	1.428490
3170.00	1.435302
3180.00	1.444237
3190.00	1.453886
3200.00	1.467683
3210.00	1.472867
3220.00	1.488716
3230.00	1.500060
3240.00	1.522300
3250.00	1.543496
3260.00	1.577000
3270.00	1.638639
3280.00	1.745971
3290.00	2.021668
3300.00	6.713572
3310.00	0.892302
3320.00	1.152702
3330.00	1.253295
3340.00	1.304597
3350.00	1.348588
3360.00	1.376832
3370.00	1.393526
3380.00	1.420277
3390.00	1.435360
3400.00	1.432575
3410.00	1.452131
3420.00	1.472216
3430.00	1.475235
3440.00	1.490626
3450.00	1.503892
3460.00	1.509746
3470.00	1.517712
3480.00	1.531358
3490.00	1.532265
3500.00	1.552539
3510.00	1.548915
3520.00	1.567097
3530.00	1.583499
3540.00	1.583595
3550.00	1.587835
3560.00	1.595929
3570.00	1.600407
3580.00	1.614618
3590.00	1.625949
3600.00	1.634389
3610.00	1.639935
3620.00	1.641499
3630.00	1.652071
3640.00	1.667939
3650.00	1.672562
3660.00	1.686374
3670.00	1.692237
3680.00	1.692774
3690.00	1.708995
3700.00	1.711642
3710.00	1.734676
3720.00	1.728338
3730.00	1.741894
3740.00	1.768410
3750.00	1.759794
3760.00	1.777251
3770.00	1.790566
3780.00	1.788910
3790.00	1.808688
3800.00	1.820054
3810.00	1.826093
3820.00	1.831187
3830.00	1.853700
3840.00	1.862112
3850.00	1.871492
3860.00	1.882353
3870.00	1.889799
3880.00	1.904083
3890.00	1.914741
3900.00	1.929557
3910.00	1.953629
3920.00	1.960296
3930.00	1.978357
3940.00	1.995327
3950.00	2.011023
3960.00	2.043856
3970.00	2.218755
3980.00	2.021217
3990.00	1.998467
4000.00	2.026489
4010.00	2.036506
4020.00	2.035036
4030.00	2.161811
4040.00	2.135671
4050.00	2.137338
4060.00	2.160695
4070.00	2.167098
4080.00	2.192743
4090.00	2.218245
4100.00	2.234206
4110.00	2.250023
4120.00	2.273518
4130.00	2.296473
4140.00	2.310301
4150.00	2.342144
4160.00	2.358563
4170.00	2.388879
4180.00	2.403663
4190.00	2.429514
4200.00	2.454583
4210.00	2.486436
4220.00	2.512118
4230.00	2.542240
4240.00	2.570408
4250.00	2.600606
4260.00	2.637323
4270.00	2.683229
4280.00	2.704169
4290.00	2.743312
4300.00	2.785288
4310.00	2.829444
4320.00	2.863657
4330.00	2.913301
4340.00	2.966365
4350.00	3.018209
4360.00	3.069714
4370.00	3.125365
4380.00	3.186646
4390.00	3.245641
4400.00	3.315955
4410.00	3.381412
4420.00	3.466163
4430.00	3.552547
4440.00	3.641322
4450.00	3.744509
4460.00	3.850463
4470.00	3.965296
4480.00	4.090261
4490.00	4.224509
4500.00	4.373254
4510.00	4.533088
4520.00	4.708481
4530.00	4.922926
4540.00	5.154546
4550.00	5.418554
4560.00	5.720101
4570.00	6.062249
4580.00	6.466401
4590.00	6.949886
4600.00	7.522584
4610.00	8.225658
4620.00	9.106573
4630.00	10.249537
4640.00	11.789642
4650.00	13.958489
4660.00	17.258392
4670.00	22.865797
4680.00	34.507401
4690.00	73.237221
4700.00	441.426422
4710.00	53.183578
4720.00	27.798677
4730.00	18.588179
4740.00	13.835990
4750.00	10.933941
4760.00	8.990238
4770.00	7.597985
4780.00	6.553286
4790.00	5.740952
4800.00	5.097401
4810.00	4.580315
4820.00	4.145321
4830.00	3.784169
4840.00	3.487493
4850.00	3.238368
4860.00	3.019372
4870.00	2.846067
4880.00	2.706763
4890.00	2.566506
4900.00	2.452565
4910.00	2.368515
4920.00	2.294211
4930.00	2.232460
4940.00	2.197376
4950.00	2.170472
4960.00	2.152403
4970.00	2.140695
4980.00	2.145419
4990.00	2.157330
5000.00	2.179344
5010.00	2.207162
5020.00	2.243518
5030.00	2.291362
5040.00	2.344941
5050.00	2.405120
5060.00	2.471210
5070.00	2.546751
5080.00	2.643012
5090.00	2.747862
5100.00	2.852743
5110.00	2.988891
5120.00	3.130343
5130.00	3.284594
5140.00	3.461407
5150.00	3.656313
5160.00	3.887706
5170.00	4.153526
5180.00	4.468137
5190.00	4.828280
5200.00	5.267814
5210.00	5.799631
5220.00	6.449817
5230.00	7.299816
5240.00	8.403772
5250.00	9.950196
5260.00	12.247037
5270.00	16.000093
5280.00	23.257578
5290.00	43.215561
5300.00	348.305786
5310.00	56.101887
5320.00	25.652819
5330.00	16.499365
5340.00	12.085404
5350.00	9.487091
5360.00	7.767609
5370.00	6.551950
5380.00	5.639901
5390.00	4.942063
5400.00	4.378427
5410.00	3.926741
5420.00	3.536659
5430.00	3.210944
5440.00	2.939928
5450.00	2.698092
5460.00	2.485312
5470.00	2.300133
5480.00	2.133001
5490.00	1.982106
5500.00	1.849625
5510.00	1.720792
5520.00	1.613098
5530.00	1.516233
5540.00	1.423425
5550.00	1.334582
5560.00	1.259205
5570.00	1.187378
5580.00	1.113909
5590.00	1.043596
5600.00	0.992081
5610.00	0.935334
5620.00	0.885585
5630.00	0.832408
5640.00	0.782032
5650.00	0.739069
5660.00	0.695800
5670.00	0.659278
5680.00	0.617920
5690.00	0.585116
5700.00	0.545965
5710.00	0.521653
5720.00	0.483542
5730.00	0.486694
5740.00	0.435082
5750.00	0.406575
5760.00	0.379460
5770.00	0.353900
5780.00	0.328823
5790.00	0.305988
5800.00	0.287724
5810.00	0.261118
5820.00	0.238385
5830.00	0.227069
5840.00	0.203863
5850.00	0.190627
5860.00	0.167691
5870.00	0.156075
5880.00	0.142115
5890.00	0.129433
5900.00	0.115876
5910.00	0.100635
5920.00	0.098623
5930.00	0.085021
5940.00	0.085661
5950.00	0.090732
5960.00	0.108019
5970.00	0.253234
5980.00	0.363465
5990.00	0.188884
6000.00	0.213685
6010.00	0.334463
6020.00	1.090247
6030.00	0.936880
6040.00	0.366045
6050.00	0.254924
6060.00	0.204135
6070.00	0.198316
6080.00	0.184367
6090.00	0.180109
6100.00	0.188499
6110.00	0.193913
6120.00	0.197071
6130.00	0.197060
6140.00	0.205966
6150.00	0.217082
6160.00	0.217407
6170.00	0.227844
6180.00	0.236039
6190.00	0.236077
6200.00	0.247231
6210.00	0.251703
6220.00	0.263210
6230.00	0.264263
6240.00	0.270674
6250.00	0.277129
6260.00	0.277590
6270.00	0.283042
6280.00	0.307742
6290.00	0.297146
6300.00	0.309768
6310.00	0.313452
6320.00	0.322728
6330.00	0.322038
6340.00	0.329915
6350.00	0.333644
6360.00	0.341938
6370.00	0.351476
6380.00	0.346610
6390.00	0.357988
6400.00	0.359672
6410.00	0.367210
6420.00	0.370195
6430.00	0.373759
6440.00	0.384670
6450.00	0.384825
6460.00	0.394206
6470.00	0.388662
6480.00	0.400104
6490.00	0.403362
6500.00	0.412940
6510.00	0.415528
6520.00	0.421435
6530.00	0.421989
6540.00	0.427518
6550.00	0.432829
6560.00	0.443677
6570.00	0.442408
6580.00	0.453895
6590.00	0.465973
6600.00	0.471128
6610.00	0.478456
6620.00	0.482429
6630.00	0.490461
6640.00	0.504114
6650.00	0.519860
6660.00	0.549980
6670.00	0.578386
6680.00	0.657573
6690.00	0.957711
6700.00	3.662438
6710.00	0.467963
6720.00	0.405331
6730.00	0.414266
6740.00	0.427231
6750.00	0.438787
6760.00	0.451887
6770.00	0.456934
6780.00	0.461692
6790.00	0.466035
6800.00	0.472895
6810.00	0.476799
6820.00	0.487661
6830.00	0.487982
6840.00	0.493722
6850.00	0.492535
6860.00	0.503672
6870.00	0.500956
6880.00	0.508494
6890.00	0.506219
6900.00	0.511190
6910.00	0.525060
6920.00	0.522300
6930.00	0.521816
6940.00	0.525420
6950.00	0.527009
6960.00	0.529417
6970.00	0.533445
6980.00	0.535047
6990.00	0.536554
7000.00	0.549615
7010.00	0.553973
7020.00	0.550534
7030.00	0.552640
7040.00	0.551421
7050.00	0.556388
7060.00	0.562561
7070.00	0.574139
7080.00	0.571932
7090.00	0.575058
7100.00	0.583662
7110.00	0.587962
7120.00	0.585979
7130.00	0.587647
7140.00	0.594498
7150.00	0.599868
7160.00	0.602481
7170.00	0.608758
7180.00	0.613490
7190.00	0.619987
7200.00	0.626331
7210.00	0.635542
7220.00	0.646100
7230.00	0.653649
7240.00	0.665365
7250.00	0.696802
7260.00	0.718223
7270.00	0.765773
7280.00	0.843349
7290.00	1.066524
7300.00	4.411083
7310.00	0.023012
7320.00	0.320498
7330.00	0.420160
7340.00	0.475280
7350.00	0.498711
7360.00	0.521514
7370.00	0.538233
7380.00	0.554155
7390.00	0.565030
7400.00	0.565755
7410.00	0.583287
7420.00	0.581762
7430.00	0.591755
7440.00	0.593881
7450.00	0.605605
7460.00	0.609346
7470.00	0.612110
7480.00	0.622063
7490.00	0.623510
7500.00	0.633164
7510.00	0.639638
7520.00	0.638727
7530.00	0.641732
7540.00	0.648083
7550.00	0.658830
7560.00	0.666167
7570.00	0.669471
7580.00	0.674906
7590.00	0.686314
7600.00	0.691352
7610.00	0.698842
7620.00	0.702497
7630.00	0.704946
7640.00	0.711337
7650.00	0.721994
7660.00	0.726206
7670.00	0.738806
7680.00	0.743499
7690.00	0.754590
7700.00	0.763919
7710.00	0.774700
7720.00	0.787143
7730.00	0.797291
7740.00	0.811377
7750.00	0.822250
7760.00	0.838054
7770.00	0.852417
7780.00	0.872911
7790.00	0.884667
7800.00	0.914307
7810.00	0.932078
7820.00	0.958470
7830.00	0.986629
7840.00	1.019123
7850.00	1.043249
7860.00	1.087996
7870.00	1.132834
7880.00	1.178095
7890.00	1.236049
7900.00	1.311908
7910.00	1.381141
7920.00	1.485130
7930.00	1.593034
7940.00	1.732528
7950.00	1.900750
7960.00	2.117942
7970.00	2.270369
7980.00	3.426358
7990.00	3.975806
8000.00	5.386593
8010.00	8.834161
8020.00	27.773254
8030.00	22.194767
8040.00	7.709386
8050.00	4.587989
8060.00	3.240056
8070.00	2.486367
8080.00	2.000879
8090.00	1.681493
8100.00	1.435058
8110.00	1.259101
8120.00	1.118241
8130.00	1.010552
8140.00	0.919000
8150.00	0.846895
8160.00	0.789634
8170.00	0.736841
8180.00	0.690631
8190.00	0.654616
8200.00	0.632581
8210.00	0.605877
8220.00	0.570347
8230.00	0.565951
8240.00	0.545395
8250.00	0.529847
8260.00	0.518356
8270.00	0.513709
8280.00	0.500927
8290.00	0.490725
8300.00	0.484441
8310.00	0.478698
8320.00	0.477382
8330.00	0.471395
8340.00	0.469757
8350.00	0.462408
8360.00	0.447046
8370.00	0.456860
8380.00	0.439725
8390.00	0.450248
8400.00	0.455022
8410.00	0.452038
8420.00	0.449243
8430.00	0.449427
8440.00	0.451519
8450.00	0.449681
8460.00	0.448806
8470.00	0.442584
8480.00	0.445022
8490.00	0.446899
8500.00	0.451711
8510.00	0.449692
8520.00	0.445549
8530.00	0.449934
8540.00	0.450610
8550.00	0.452940
8560.00	0.450609
8570.00	0.452356
8580.00	0.456978
8590.00	0.449759
8600.00	0.450636
8610.00	0.456915
8620.00	0.463862
8630.00	0.459259
8640.00	0.473183
8650.00	0.457406
8660.00	0.481098
8670.00	0.491045
8680.00	0.529516
8690.00	0.658093
8700.00	1.508455
8710.00	0.350851
8720.00	0.380620
8730.00	0.396606
8740.00	0.404183
8750.00	0.416441
8760.00	0.415278
8770.00	0.419677
8780.00	0.424312
8790.00	0.424942
8800.00	0.427352
8810.00	0.430007
8820.00	0.428106
8830.00	0.432145
8840.00	0.434074
8850.00	0.432526
8860.00	0.432507
8870.00	0.433998
8880.00	0.432939
8890.00	0.428079
8900.00	0.435549
8910.00	0.437199
8920.00	0.432447
8930.00	0.445194
8940.00	0.438462
8950.00	0.436015
8960.00	0.436003
8970.00	0.436081
8980.00	0.442276
8990.00	0.437001
9000.00	0.436267
9010.00	0.438156
9020.00	0.436365
9030.00	0.442976
9040.00	0.438313
9050.00	0.436061
9060.00	0.438067
9070.00	0.438914
9080.00	0.437759
9090.00	0.441675
9100.00	0.441548
9110.00	0.442219
9120.00	0.440055
9130.00	0.439276
9140.00	0.440887
9150.00	0.445523
9160.00	0.447039
9170.00	0.448434
9180.00	0.444974
9190.00	0.450293
9200.00	0.452044
9210.00	0.446051
9220.00	0.457161
9230.00	0.462887
9240.00	0.470333
9250.00	0.471281
9260.00	0.479833
9270.00	0.504104
9280.00	0.533834
9290.00	0.635320
9300.00	2.155405
9310.00	0.145587
9320.00	0.290660
9330.00	0.338826
9340.00	0.356748
9350.00	0.374454
9360.00	0.381761
9370.00	0.381861
9380.00	0.390272
9390.00	0.393808
9400.00	0.394847
9410.00	0.393168
9420.00	0.402040
9430.00	0.397065
9440.00	0.400516
9450.00	0.403070
9460.00	0.397309
9470.00	0.403213
9480.00	0.400082
9490.00	0.405881
9500.00	0.402720
9510.00	0.409343
9520.00	0.397350
9530.00	0.407493
9540.00	0.399682
9550.00	0.399753
9560.00	0.399883
9570.00	0.399980
9580.00	0.400981
9590.00	0.405434
9600.00	0.403465
9610.00	0.406529
9620.00	0.399278
9630.00	0.398300
9640.00	0.396635
9650.00	0.397603
9660.00	0.402136
9670.00	0.396020
9680.00	0.396105
9690.00	0.391749
9700.00	0.395257
9710.00	0.397236
9720.00	0.396119
9730.00	0.398311
9740.00	0.389098
9750.00	0.392673
9760.00	0.391634
9770.00	0.387177
9780.00	0.391564
9790.00	0.388013
9800.00	0.383454
9810.00	0.384503
9820.00	0.382290
9830.00	0.382835
9840.00	0.384275
9850.00	0.376853
9860.00	0.381275
9870.00	0.371425
9880.00	0.368871
9890.00	0.369785
9900.00	0.363165
9910.00	0.358987
9920.00	0.347294
9930.00	0.336582
9940.00	0.330136
9950.00	0.316415
9960.00	0.336829
9970.00	0.854398
9980.00	1.656185
9990.00	0.793023
10000.00	0.669615
10010.00	0.681748
10020.00	1.051348
10030.00	0.355456
10040.00	0.335648
10050.00	0.371082
10060.00	0.386079
10070.00	0.385854
10080.00	0.388274
10090.00	0.386080
10100.00	0.392916
10110.00	0.390420
10120.00	0.392279
10130.00	0.389368
10140.00	0.388748
10150.00	0.389308
10160.00	0.389317
10170.00	0.390198
10180.00	0.389664
10190.00	0.382760
10200.00	0.383846
10210.00	0.389809
10220.00	0.381032
10230.00	0.383550
10240.00	0.381332
10250.00	0.384458
10260.00	0.380804
10270.00	0.382745
10280.00	0.382048
10290.00	0.373262
10300.00	0.386237
10310.00	0.376590
10320.00	0.377472
10330.00	0.377824
10340.00	0.378154
10350.00	0.374299
10360.00	0.378005
10370.00	0.372277
10380.00	0.371663
10390.00	0.370783
10400.00	0.370655
10410.00	0.374167
10420.00	0.369725
10430.00	0.378811
10440.00	0.368732
10450.00	0.367371
10460.00	0.367448
10470.00	0.369824
10480.00	0.362275
10490.00	0.361355
10500.00	0.365045
10510.00	0.363376
10520.00	0.365004
10530.00	0.364095
10540.00	0.360604
10550.00	0.368484
10560.00	0.361787
10570.00	0.360662
10580.00	0.362015
10590.00	0.366105
10600.00	0.360081
10610.00	0.361381
10620.00	0.363125
10630.00	0.367344
10640.00	0.364466
10650.00	0.369556
10660.00	0.376040
10670.00	0.383227
10680.00	0.415468
10690.00	0.541984
10700.00	2.012717
10710.00	0.383339
10720.00	0.342705
10730.00	0.337939
10740.00	0.335978
10750.00	0.334798
10760.00	0.340381
10770.00	0.336756
10780.00	0.337802
10790.00	0.337790
10800.00	0.335980
10810.00	0.338587
10820.00	0.331948
10830.00	0.321648
10840.00	0.331181
10850.00	0.334867
10860.00	0.330979
10870.00	0.331106
10880.00	0.331115
10890.00	0.334498
10900.00	0.331778
10910.00	0.331781
10920.00	0.332405
10930.00	0.328338
10940.00	0.325784
10950.00	0.324999
10960.00	0.325986
10970.00	0.330985
10980.00	0.320574
10990.00	0.324185
11000.00	0.326064
11010.00	0.325151
11020.00	0.327736
11030.00	0.330334
11040.00	0.321103
11050.00	0.321525
11060.00	0.327870
11070.00	0.326005
11080.00	0.319279
11090.00	0.320155
11100.00	0.320744
11110.00	0.326995
11120.00	0.323799
11130.00	0.320132
11140.00	0.324668
11150.00	0.320038
11160.00	0.319042
11170.00	0.320666
11180.00	0.327066
11190.00	0.326144
11200.00	0.326112
11210.00	0.327845
11220.00	0.331069
11230.00	0.335036
11240.00	0.338730
11250.00	0.348347
11260.00	0.357735
11270.00	0.383044
11280.00	0.422652
11290.00	0.541773
11300.00	2.374351
11310.00	0.053144
11320.00	0.126130
11330.00	0.178525
11340.00	0.202259
11350.00	0.217835
11360.00	0.231517
11370.00	0.239153
11380.00	0.244887
11390.00	0.240210
11400.00	0.242732
11410.00	0.244371
11420.00	0.249563
11430.00	0.251604
11440.00	0.250109
11450.00	0.246403
11460.00	0.248358
11470.00	0.246996
11480.00	0.246466
11490.00	0.253648
11500.00	0.246973
11510.00	0.241294
11520.00	0.244711
11530.00	0.244789
11540.00	0.241422
11550.00	0.244392
11560.00	0.239799
11570.00	0.239225
11580.00	0.236998
11590.00	0.241479
11600.00	0.232106
11610.00	0.231147
11620.00	0.246451
11630.00	0.225867
11640.00	0.228757
11650.00	0.229276
11660.00	0.228280
11670.00	0.220430
11680.00	0.230729
11690.00	0.221930
11700.00	0.219028
11710.00	0.223261
11720.00	0.219405
11730.00	0.219637
11740.00	0.222027
11750.00	0.222351
11760.00	0.231466
11770.00	0.223882
11780.00	0.231047
11790.00	0.229588
11800.00	0.238880
11810.00	0.247238
11820.00	0.255022
11830.00	0.266059
11840.00	0.283878
11850.00	0.308900
11860.00	0.337300
11870.00	0.372565
11880.00	0.416227
11890.00	0.474142
11900.00	0.559900
11910.00	0.662111
11920.00	0.803244
11930.00	1.020904
11940.00	1.351258
11950.00	1.962906
11960.00	3.366060
11970.00	9.892817
11980.00	12.636695
11990.00	4.113362
12000.00	2.559299
12010.00	1.936016
12020.00	1.797682
12030.00	1.004534
12040.00	1.010905
12050.00	0.932436
12060.00	0.858510
12070.00	0.803176
12080.00	0.754030
12090.00	0.713173
12100.00	0.680604
12110.00	0.648746
12120.00	0.619964
12130.00	0.599615
12140.00	0.581967
12150.00	0.550890
12160.00	0.548662
12170.00	0.533826
12180.00	0.523088
12190.00	0.506541
12200.00	0.499643
12210.00	0.493848
12220.00	0.482033
12230.00	0.478892
12240.00	0.465366
12250.00	0.456108
12260.00	0.452546
12270.00	0.451767
12280.00	0.444331
12290.00	0.436416
12300.00	0.431759
12310.00	0.433012
12320.00	0.423740
12330.00	0.422406
12340.00	0.415921
12350.00	0.408590
12360.00	0.408153
12370.00	0.411951
12380.00	0.403762
12390.00	0.402374
12400.00	0.400199
12410.00	0.397404
12420.00	0.398760
12430.00	0.395768
12440.00	0.388422
12450.00	0.389024
12460.00	0.394403
12470.00	0.387973
12480.00	0.389305
12490.00	0.410768
12500.00	0.386030
12510.00	0.384789
12520.00	0.381695
12530.00	0.382211
12540.00	0.381011
12550.00	0.374399
12560.00	0.378730
12570.00	0.385682
12580.00	0.382366
12590.00	0.385464
12600.00	0.395524
12610.00	0.393973
12620.00	0.397985
12630.00	0.405757
12640.00	0.420263
12650.00	0.436547
12660.00	0.480164
12670.00	0.553194
12680.00	0.732583
12690.00	1.430737
12700.00	8.402226
12710.00	1.082428
12720.00	0.641962
12730.00	0.508166
12740.00	0.445083
12750.00	0.412071
12760.00	0.393280
12770.00	0.383945
12780.00	0.372935
12790.00	0.372441
12800.00	0.372493
12810.00	0.362403
12820.00	0.357821
12830.00	0.353821
12840.00	0.357236
12850.00	0.351006
12860.00	0.357969
12870.00	0.352985
12880.00	0.352323
12890.00	0.353673
12900.00	0.349853
12910.00	0.353768
12920.00	0.353248
12930.00	0.350429
12940.00	0.357435
12950.00	0.353099
12960.00	0.354281
12970.00	0.354706
12980.00	0.355991
12990.00	0.355694
13000.00	0.360332
13010.00	0.356319
13020.00	0.365926
13030.00	0.360344
13040.00	0.356260
13050.00	0.363298
13060.00	0.361061
13070.00	0.361899
13080.00	0.362698
13090.00	0.371289
13100.00	0.371795
13110.00	0.375026
13120.00	0.379252
13130.00	0.382305
13140.00	0.386285
13150.00	0.391492
13160.00	0.388912
13170.00	0.398321
13180.00	0.412505
13190.00	0.421318
13200.00	0.427412
13210.00	0.442783
13220.00	0.457160
13230.00	0.475240
13240.00	0.504963
13250.00	0.543774
13260.00	0.597437
13270.00	0.691460
13280.00	0.872340
13290.00	1.379742
13300.00	8.987146
13310.00	1.119540
13320.00	0.351284
13330.00	0.136694
13340.00	0.059486
13350.00	0.080210
13360.00	0.108135
13370.00	0.140138
13380.00	0.158090
13390.00	0.175603
13400.00	0.188515
13410.00	0.200968
13420.00	0.207162
13430.00	0.210477
13440.00	0.222335
13450.00	0.227889
13460.00	0.230979
13470.00	0.237237
13480.00	0.241441
13490.00	0.244968
13500.00	0.250449
13510.00	0.255093
13520.00	0.252643
13530.00	0.257380
13540.00	0.256941
13550.00	0.259838
13560.00	0.262618
13570.00	0.263669
13580.00	0.264354
13590.00	0.262972
13600.00	0.271710
13610.00	0.274422
13620.00	0.266990
13630.00	0.276241
13640.00	0.273612
13650.00	0.276804
13660.00	0.277368
13670.00	0.272611
13680.00	0.289464
13690.00	0.278926
13700.00	0.280700
13710.00	0.285025
13720.00	0.288080
13730.00	0.280357
13740.00	0.275967
13750.00	0.286596
13760.00	0.286471
13770.00	0.289956
13780.00	0.285913
13790.00	0.289748
13800.00	0.288582
13810.00	0.288517
13820.00	0.288002
13830.00	0.292066
13840.00	0.286557
13850.00	0.284846
13860.00	0.292373
13870.00	0.289026
13880.00	0.293763
13890.00	0.292584
13900.00	0.286578
13910.00	0.287008
13920.00	0.291715
13930.00	0.284506
13940.00	0.283419
13950.00	0.274354
13960.00	0.259777
13970.00	0.368660
13980.00	0.827271
13990.00	0.480254
14000.00	0.438834
14010.00	0.447789
14020.00	0.675054
14030.00	0.285977
14040.00	0.285972
14050.00	0.301027
14060.00	0.306708
14070.00	0.317939
14080.00	0.317127
14090.00	0.323871
14100.00	0.321844
14110.00	0.326358
14120.00	0.328814
14130.00	0.326994
14140.00	0.330645
14150.00	0.331531
14160.00	0.331792
14170.00	0.337848
14180.00	0.337376
14190.00	0.334546
14200.00	0.336934
14210.00	0.334245
14220.00	0.343772
14230.00	0.346732
14240.00	0.343773
14250.00	0.346328
14260.00	0.350252
14270.00	0.360280
14280.00	0.361700
14290.00	0.361503
14300.00	0.366832
14310.00	0.363859
14320.00	0.367456
14330.00	0.373522
14340.00	0.380946
14350.00	0.377871
14360.00	0.380909
14370.00	0.392107
14380.00	0.389868
14390.00	0.400043
14400.00	0.404658
14410.00	0.412477
14420.00	0.412214
14430.00	0.425001
14440.00	0.425774
14450.00	0.436156
14460.00	0.441074
14470.00	0.454703
14480.00	0.460894
14490.00	0.475758
14500.00	0.492754
14510.00	0.503986
14520.00	0.513093
14530.00	0.536286
14540.00	0.549320
14550.00	0.575154
14560.00	0.604162
14570.00	0.638412
14580.00	0.672701
14590.00	0.718494
14600.00	0.758111
14610.00	0.839688
14620.00	0.923899
14630.00	1.038757
14640.00	1.188322
14650.00	1.409628
14660.00	1.737959
14670.00	2.311583
14680.00	3.507501
14690.00	7.498968
14700.00	45.691330
14710.00	5.578808
14720.00	2.967297
14730.00	2.016714
14740.00	1.537084
14750.00	1.249504
14760.00	1.059110
14770.00	0.921450
14780.00	0.819612
14790.00	0.746577
14800.00	0.694346
14810.00	0.645452
14820.00	0.602537
14830.00	0.568755
14840.00	0.556038
14850.00	0.530700
14860.00	0.517406
14870.00	0.503640
14880.00	0.500089
14890.00	0.483247
14900.00	0.480099
14910.00	0.472402
14920.00	0.470444
14930.00	0.464767
14940.00	0.465239
14950.00	0.463573
14960.00	0.463899
14970.00	0.459705
14980.00	0.467708
14990.00	0.467601
15000.00	0.474341
15010.00	0.475763
15020.00	0.478097
15030.00	0.488463
15040.00	0.492725
15050.00	0.501521
15060.00	0.508645
15070.00	0.516273
15080.00	0.522918
15090.00	0.533099
15100.00	0.539423
15110.00	0.566471
15120.00	0.580967
15130.00	0.589265
15140.00	0.607598
15150.00	0.638485
15160.00	0.667193
15170.00	0.702366
15180.00	0.736851
15190.00	0.777213
15200.00	0.826618
15210.00	0.890938
15220.00	0.965533
15230.00	1.068376
15240.00	1.204165
15250.00	1.389652
15260.00	1.670311
15270.00	2.121937
15280.00	3.001262
15290.00	5.423597
15300.00	42.475666
15310.00	6.651810
15320.00	2.949632
15330.00	1.838895
15340.00	1.311034
15350.00	0.994081
15360.00	0.785937
15370.00	0.641709
15380.00	0.537705
15390.00	0.455761
15400.00	0.389901
15410.00	0.340843
15420.00	0.297943
15430.00	0.266216
15440.00	0.234558
15450.00	0.214477
15460.00	0.200668
15470.00	0.183356
15480.00	0.170420
15490.00	0.163219
15500.00	0.151156
15510.00	0.151767
15520.00	0.144110
15530.00	0.140057
15540.00	0.146916
15550.00	0.144732
15560.00	0.144498
15570.00	0.148092
15580.00	0.146411
15590.00	0.146748
15600.00	0.152303
15610.00	0.159399
15620.00	0.154217
15630.00	0.158911
15640.00	0.164978
15650.00	0.167250
15660.00	0.163417
15670.00	0.167046
15680.00	0.174456
15690.00	0.173596
15700.00	0.175173
15710.00	0.175846
15720.00	0.184753
15730.00	0.186444
15740.00	0.191204
15750.00	0.194425
15760.00	0.197765
15770.00	0.191891
15780.00	0.197290
15790.00	0.202638
15800.00	0.203993
15810.00	0.209656
15820.00	0.215209
15830.00	0.215162
15840.00	0.215009
15850.00	0.216293
15860.00	0.225012
15870.00	0.227875
15880.00	0.233358
15890.00	0.238161
15900.00	0.242682
15910.00	0.241653
15920.00	0.252817
15930.00	0.247017
15940.00	0.262225
15950.00	0.255641
15960.00	0.240271
15970.00	0.117516
15980.00	0.688638
15990.00	0.529547
16000.00	0.592669
16010.00	0.805127
16020.00	2.055354
16030.00	1.280948
16040.00	0.328249
16050.00	0.139021
16060.00	0.088960
16070.00	0.087916
16080.00	0.103949
16090.00	0.130972
16100.00	0.132750
16110.00	0.145776
16120.00	0.153495
16130.00	0.151381
16140.00	0.166135
16150.00	0.169935
16160.00	0.170987
16170.00	0.173146
16180.00	0.182597
16190.00	0.181930
16200.00	0.188335
16210.00	0.196974
16220.00	0.196866
16230.00	0.197051
16240.00	0.203816
16250.00	0.206512
16260.00	0.198494
16270.00	0.205611
16280.00	0.211523
16290.00	0.205655
16300.00	0.213261
16310.00	0.215918
16320.00	0.212679
16330.00	0.217204
16340.00	0.215163
16350.00	0.215561
16360.00	0.219773
16370.00	0.217984
16380.00	0.234042
16390.00	0.227640
16400.00	0.224297
16410.00	0.229859
16420.00	0.225960
16430.00	0.225566
16440.00	0.232510
16450.00	0.229253
16460.00	0.231798
16470.00	0.223959
16480.00	0.228886
16490.00	0.234362
16500.00	0.229131
16510.00	0.236956
16520.00	0.234445
16530.00	0.238792
16540.00	0.232682
16550.00	0.232289
16560.00	0.241911
16570.00	0.242520
16580.00	0.237276
16590.00	0.240419
16600.00	0.241702
16610.00	0.236599
16620.00	0.245879
16630.00	0.245948
16640.00	0.250266
16650.00	0.243290
16660.00	0.264202
16670.00	0.267767
16680.00	0.308422
16690.00	0.512591
16700.00	3.023623
16710.00	0.454118
16720.00	0.350907
16730.00	0.301640
16740.00	0.290623
16750.00	0.279075
16760.00	0.271846
16770.00	0.271181
16780.00	0.267678
16790.00	0.273060
16800.00	0.269519
16810.00	0.266720
16820.00	0.269681
16830.00	0.270458
16840.00	0.265693
16850.00	0.271954
16860.00	0.269414
16870.00	0.271552
16880.00	0.279217
16890.00	0.266840
16900.00	0.270237
16910.00	0.270156
16920.00	0.271887
16930.00	0.270005
16940.00	0.278405
16950.00	0.273834
16960.00	0.275546
16970.00	0.281218
16980.00	0.270967
16990.00	0.280983
17000.00	0.278634
17010.00	0.275848
17020.00	0.276499
17030.00	0.281349
17040.00	0.285092
17050.00	0.278706
17060.00	0.282766
17070.00	0.289030
17080.00	0.281181
17090.00	0.286342
17100.00	0.291120
17110.00	0.289291
17120.00	0.293899
17130.00	0.292149
17140.00	0.292613
17150.00	0.295168
17160.00	0.297167
17170.00	0.301363
17180.00	0.304351
17190.00	0.310562
17200.00	0.309378
17210.00	0.313402
17220.00	0.324380
17230.00	0.328866
17240.00	0.337506
17250.00	0.352330
17260.00	0.366173
17270.00	0.392439
17280.00	0.457926
17290.00	0.620473
17300.00	3.189999
17310.00	0.273379
17320.00	0.143540
17330.00	0.174782
17340.00	0.197418
17350.00	0.220009
17360.00	0.227030
17370.00	0.237809
17380.00	0.250147
17390.00	0.247825
17400.00	0.257413
17410.00	0.258773
17420.00	0.258137
17430.00	0.258974
17440.00	0.260213
17450.00	0.269102
17460.00	0.271533
17470.00	0.277309
17480.00	0.272785
17490.00	0.280050
17500.00	0.285096
17510.00	0.296055
17520.00	0.284409
17530.00	0.279163
17540.00	0.285403
17550.00	0.287445
17560.00	0.287563
17570.00	0.289577
17580.00	0.293480
17590.00	0.296205
17600.00	0.295798
17610.00	0.295635
17620.00	0.298438
17630.00	0.305197
17640.00	0.303762
17650.00	0.298263
17660.00	0.308737
17670.00	0.310916
17680.00	0.311994
17690.00	0.316317
17700.00	0.320386
17710.00	0.320585
17720.00	0.325996
17730.00	0.325174
17740.00	0.319454
17750.00	0.331484
17760.00	0.341737
17770.00	0.338825
17780.00	0.338442
17790.00	0.346543
17800.00	0.354163
17810.00	0.356372
17820.00	0.357727
17830.00	0.365262
17840.00	0.371660
17850.00	0.324751
17860.00	0.386875
17870.00	0.387105
17880.00	0.398882
17890.00	0.410826
17900.00	0.424991
17910.00	0.430745
17920.00	0.451679
17930.00	0.464152
17940.00	0.488036
17950.00	0.507790
17960.00	0.508208
17970.00	0.367827
17980.00	1.219455
17990.00	1.093083
18000.00	1.324756
18010.00	2.003552
18020.00	5.801774
18030.00	4.252125
18040.00	1.340055
18050.00	0.722533
18060.00	0.458724
18070.00	0.311373
18080.00	0.218487
18090.00	0.166917
18100.00	0.136067
18110.00	0.117170
18120.00	0.107188
18130.00	0.109177
18140.00	0.112755
18150.00	0.116068
18160.00	0.125174
18170.00	0.131416
18180.00	0.135022
18190.00	0.148223
18200.00	0.153152
18210.00	0.154602
18220.00	0.159589
18230.00	0.163924
18240.00	0.170445
18250.00	0.173799
18260.00	0.173928
18270.00	0.176533
18280.00	0.179798
18290.00	0.183216
18300.00	0.191983
18310.00	0.191067
18320.00	0.193385
18330.00	0.201917
18340.00	0.195405
18350.00	0.198260
18360.00	0.198602
18370.00	0.206764
18380.00	0.210887
18390.00	0.201979
18400.00	0.204487
18410.00	0.205376
18420.00	0.207263
18430.00	0.206396
18440.00	0.210981
18450.00	0.216601
18460.00	0.215238
18470.00	0.213512
18480.00	0.211636
18490.00	0.216125
18500.00	0.219861
18510.00	0.214852
18520.00	0.218146
18530.00	0.218256
18540.00	0.221727
18550.00	0.217760
18560.00	0.221237
18570.00	0.225156
18580.00	0.224478
18590.00	0.225228
18600.00	0.226459
18610.00	0.222195
18620.00	0.225515
18630.00	0.223194
18640.00	0.227864
18650.00	0.222207
18660.00	0.223813
18670.00	0.231057
18680.00	0.242331
18690.00	0.320722
18700.00	1.743068
18710.00	0.345849
18720.00	0.284117
18730.00	0.258830
18740.00	0.257162
18750.00	0.243121
18760.00	0.249511
18770.00	0.244810
18780.00	0.246519
18790.00	0.244772
18800.00	0.241034
18810.00	0.243350
18820.00	0.245149
18830.00	0.237835
18840.00	0.244753
18850.00	0.246627
18860.00	0.248086
18870.00	0.235978
18880.00	0.242558
18890.00	0.238163
18900.00	0.242894
18910.00	0.247615
18920.00	0.243826
18930.00	0.244807
18940.00	0.241725
18950.00	0.243235
18960.00	0.247728
18970.00	0.242964
18980.00	0.245856
18990.00	0.241498
19000.00	0.249739
19010.00	0.245723
19020.00	0.244564
19030.00	0.246122
19040.00	0.245268
19050.00	0.246786
19060.00	0.245986
19070.00	0.247290
19080.00	0.249880
19090.00	0.242308
19100.00	0.246992
19110.00	0.250235
19120.00	0.245817
19130.00	0.247862
19140.00	0.255299
19150.00	0.251336
19160.00	0.250461
19170.00	0.256541
19180.00	0.260617
19190.00	0.253246
19200.00	0.255313
19210.00	0.259971
19220.00	0.259671
19230.00	0.262535
19240.00	0.266325
19250.00	0.281450
19260.00	0.287714
19270.00	0.303488
19280.00	0.331882
19290.00	0.421383
19300.00	1.881808
19310.00	0.152733
19320.00	0.158053
19330.00	0.181058
19340.00	0.191174
19350.00	0.202121
19360.00	0.205653
19370.00	0.208969
19380.00	0.211042
19390.00	0.212336
19400.00	0.216629
19410.00	0.218948
19420.00	0.217218
19430.00	0.209846
19440.00	0.219725
19450.00	0.218841
19460.00	0.223508
19470.00	0.223570
19480.00	0.218146
19490.00	0.222403
19500.00	0.219852
19510.00	0.224847
19520.00	0.220068
19530.00	0.222551
19540.00	0.226475
19550.00	0.221808
19560.00	0.220762
19570.00	0.217954
19580.00	0.216836
19590.00	0.219499
19600.00	0.218076
19610.00	0.217995
19620.00	0.216202
19630.00	0.221632
19640.00	0.217370
19650.00	0.214845
19660.00	0.218275
19670.00	0.210417
19680.00	0.221452
19690.00	0.220779
19700.00	0.211217
19710.00	0.210242
19720.00	0.211887
19730.00	0.208186
19740.00	0.205285
19750.00	0.207972
19760.00	0.199962
19770.00	0.200737
19780.00	0.208291
19790.00	0.195328
19800.00	0.197381
19810.00	0.191644
19820.00	0.190888
19830.00	0.184604
19840.00	0.177337
19850.00	0.174801
19860.00	0.169664
19870.00	0.162253
19880.00	0.151927
19890.00	0.141934
19900.00	0.126236
19910.00	0.110334
19920.00	0.087646
19930.00	0.066249
19940.00	0.073669
19950.00	0.163031
19960.00	0.409661
19970.00	1.645033
19980.00	2.629636
19990.00	1.025584
20000.00	0.763419

======================================================================
FILTERED FFT DATA (freq_hz, amplitude) — positive freqs <= 20 kHz
======================================================================
0.00	469.896667
10.00	343.736481
20.00	261.378387
30.00	113.676231
40.00	178.961899
50.00	152.401627
60.00	215.857193
70.00	136.957733
80.00	102.201599
90.00	687.302124
100.00	196.851120
110.00	89.504662
120.00	224.790588
130.00	262.170288
140.00	120.353554
150.00	156.401642
160.00	65.405319
170.00	254.748703
180.00	125.353767
190.00	301.257019
200.00	117.303581
210.00	72.837715
220.00	111.397881
230.00	192.754807
240.00	306.963715
250.00	562.389954
260.00	237.426254
270.00	412.038666
280.00	454.586365
290.00	86.052231
300.00	474.159424
310.00	364.522339
320.00	203.673889
330.00	551.728027
340.00	261.513214
350.00	198.379822
360.00	469.457581
370.00	105.022827
380.00	104.426582
390.00	14870.023438
400.00	205.048950
410.00	158.090042
420.00	504.251587
430.00	248.342300
440.00	166.893494
450.00	216.672821
460.00	202.673340
470.00	228.461334
480.00	254.755249
490.00	42.947563
500.00	77.237129
510.00	310.319489
520.00	443.117462
530.00	283.388336
540.00	271.032501
550.00	233.876190
560.00	178.659058
570.00	157.043396
580.00	294.170776
590.00	171.816605
600.00	123.240997
610.00	149.148499
620.00	121.917183
630.00	176.784836
640.00	142.726181
650.00	295.616974
660.00	190.632599
670.00	108.507256
680.00	179.952866
690.00	173.207169
700.00	201.082443
710.00	90.388687
720.00	144.635651
730.00	110.734184
740.00	3042.292480
750.00	198.523346
760.00	79.400284
770.00	50.390778
780.00	105.684219
790.00	35.826714
800.00	193.478394
810.00	22.814260
820.00	388.963623
830.00	43.872227
840.00	82.511147
850.00	171.115036
860.00	191.017685
870.00	181.772476
880.00	85.278801
890.00	21.220049
900.00	314.531006
910.00	103.885635
920.00	168.714737
930.00	156.147354
940.00	149.939316
950.00	9.926619
960.00	116.623985
970.00	95.292534
980.00	269.059326
990.00	126.999596
1000.00	212.798843
1010.00	149.297668
1020.00	114.413063
1030.00	176.434082
1040.00	519.166931
1050.00	144.376694
1060.00	22.756081
1070.00	146.746719
1080.00	55.652157
1090.00	314.486481
1100.00	111.942574
1110.00	80.262383
1120.00	284.024963
1130.00	269.638306
1140.00	97.446472
1150.00	256.463745
1160.00	130.736664
1170.00	1176.982544
1180.00	141.813248
1190.00	102.034248
1200.00	88.770386
1210.00	76.797020
1220.00	281.032806
1230.00	197.598740
1240.00	227.956573
1250.00	2.785558
1260.00	166.854446
1270.00	166.265106
1280.00	127.265976
1290.00	82.654587
1300.00	220.639679
1310.00	80.383896
1320.00	12.373460
1330.00	117.987068
1340.00	151.929688
1350.00	154.224289
1360.00	148.413834
1370.00	172.965317
1380.00	153.361374
1390.00	300.878723
1400.00	36.451916
1410.00	175.261414
1420.00	201.795029
1430.00	86.431961
1440.00	152.875412
1450.00	26.093761
1460.00	92.215744
1470.00	44.572975
1480.00	108.847122
1490.00	93.171951
1500.00	113.602341
1510.00	114.366989
1520.00	632.843445
1530.00	35.689732
1540.00	146.607132
1550.00	97.082657
1560.00	64.163284
1570.00	104.925446
1580.00	181.908447
1590.00	108.914261
1600.00	732.927185
1610.00	169.098694
1620.00	143.105423
1630.00	173.970322
1640.00	94.012672
1650.00	124.667313
1660.00	81.716087
1670.00	256.957886
1680.00	98.464584
1690.00	83.253586
1700.00	111.684860
1710.00	186.296432
1720.00	129.373352
1730.00	90.726402
1740.00	110.096672
1750.00	96.361893
1760.00	99.653687
1770.00	98.615273
1780.00	222.021484
1790.00	111.606934
1800.00	200.993942
1810.00	136.903702
1820.00	56.515060
1830.00	62.830647
1840.00	131.335403
1850.00	252.594177
1860.00	225.269745
1870.00	808.890259
1880.00	206.491211
1890.00	151.850174
1900.00	87.441826
1910.00	121.826767
1920.00	97.633690
1930.00	154.841675
1940.00	16.536264
1950.00	732.247986
1960.00	144.564423
1970.00	97.432716
1980.00	89.084679
1990.00	145.029053
2000.00	215.579086
2010.00	92.846779
2020.00	100.920288
2030.00	154.909622
2040.00	37.199039
2050.00	85.622673
2060.00	50.454708
2070.00	27.612059
2080.00	103.167206
2090.00	80.005836
2100.00	18.477041
2110.00	111.982811
2120.00	129.960297
2130.00	78.201172
2140.00	84.201248
2150.00	87.185562
2160.00	28.757215
2170.00	291.132202
2180.00	84.183907
2190.00	24.338463
2200.00	66.317711
2210.00	49.759708
2220.00	190.630295
2230.00	64.164978
2240.00	25.362284
2250.00	80.917496
2260.00	71.797493
2270.00	67.441055
2280.00	216.320511
2290.00	47.899174
2300.00	273.544128
2310.00	42.040405
2320.00	84.109367
2330.00	74.405624
2340.00	70.507271
2350.00	146.255966
2360.00	203.458847
2370.00	80.709824
2380.00	79.386787
2390.00	62.402233
2400.00	185.631790
2410.00	63.393696
2420.00	60.259708
2430.00	154.974503
2440.00	197.426620
2450.00	165.813599
2460.00	81.323578
2470.00	87.175148
2480.00	110.346825
2490.00	80.353302
2500.00	78.640862
2510.00	52.244225
2520.00	191.171463
2530.00	35.021965
2540.00	82.051514
2550.00	63.665558
2560.00	81.948929
2570.00	116.665443
2580.00	173.143967
2590.00	169.393539
2600.00	270.458710
2610.00	150.186676
2620.00	119.330284
2630.00	192.159164
2640.00	154.327072
2650.00	212.724625
2660.00	114.971642
2670.00	133.352859
2680.00	231.579178
2690.00	62.506516
2700.00	212.558258
2710.00	175.119247
2720.00	48.113880
2730.00	1562.028442
2740.00	259.672333
2750.00	99.571152
2760.00	147.085434
2770.00	113.845848
2780.00	38.594456
2790.00	202.923538
2800.00	217.492249
2810.00	160.394424
2820.00	204.062546
2830.00	50.273396
2840.00	66.036247
2850.00	60.622288
2860.00	225.189987
2870.00	386.886505
2880.00	218.644501
2890.00	81.161659
2900.00	47.432453
2910.00	81.668793
2920.00	59.545116
2930.00	132.652008
2940.00	123.192909
2950.00	188.863312
2960.00	64.223251
2970.00	38.943340
2980.00	130.714676
2990.00	115.734276
3000.00	209.858398
3010.00	216.678116
3020.00	68.647919
3030.00	159.564651
3040.00	71.041817
3050.00	148.764297
3060.00	215.560776
3070.00	65.215981
3080.00	818.818481
3090.00	192.130188
3100.00	11.765291
3110.00	29.957546
3120.00	216.209152
3130.00	137.484482
3140.00	79.992165
3150.00	119.007622
3160.00	720.333557
3170.00	18.647242
3180.00	150.694550
3190.00	67.414398
3200.00	96.867783
3210.00	221.438141
3220.00	104.315880
3230.00	75.239227
3240.00	24.206802
3250.00	49.485920
3260.00	70.526329
3270.00	48.383217
3280.00	65.581131
3290.00	166.484909
3300.00	141.189072
3310.00	130.252838
3320.00	41.546734
3330.00	95.943260
3340.00	92.637932
3350.00	106.463707
3360.00	84.718567
3370.00	45.954132
3380.00	78.294304
3390.00	78.905495
3400.00	28.112434
3410.00	131.555252
3420.00	117.014618
3430.00	64.333885
3440.00	161.105087
3450.00	235.719742
3460.00	214.872879
3470.00	165.689240
3480.00	77.222557
3490.00	135.542740
3500.00	194.696823
3510.00	1175.509155
3520.00	238.804611
3530.00	47.461555
3540.00	49.355450
3550.00	137.971390
3560.00	157.974411
3570.00	149.028854
3580.00	79.442848
3590.00	67.594460
3600.00	114.996841
3610.00	133.734940
3620.00	187.945908
3630.00	174.313217
3640.00	88.163086
3650.00	89.049713
3660.00	145.482208
3670.00	93.700172
3680.00	129.179886
3690.00	65.496071
3700.00	101.868431
3710.00	112.923637
3720.00	168.374908
3730.00	104.048576
3740.00	90.438942
3750.00	57.914749
3760.00	167.396057
3770.00	116.803658
3780.00	142.653061
3790.00	182.404968
3800.00	229.639923
3810.00	89.746674
3820.00	16.074789
3830.00	62.498882
3840.00	96.766319
3850.00	187.060791
3860.00	151.725876
3870.00	233.508942
3880.00	52.446228
3890.00	11.706114
3900.00	25.465405
3910.00	53.945213
3920.00	74.896004
3930.00	156.053711
3940.00	183.778992
3950.00	16.823025
3960.00	204.135101
3970.00	25.478638
3980.00	65.758293
3990.00	151.221558
4000.00	122.877876
4010.00	58.581219
4020.00	64.273277
4030.00	215.825119
4040.00	45.203613
4050.00	231.901733
4060.00	147.844650
4070.00	222.379272
4080.00	60.007229
4090.00	123.624268
4100.00	99.214760
4110.00	104.842300
4120.00	146.423706
4130.00	177.866745
4140.00	72.878685
4150.00	166.717865
4160.00	66.736954
4170.00	160.656555
4180.00	120.226486
4190.00	216.229828
4200.00	102.107399
4210.00	134.200333
4220.00	262.889557
4230.00	143.219055
4240.00	248.838425
4250.00	163.386902
4260.00	143.052170
4270.00	167.320038
4280.00	167.672562
4290.00	394.169037
4300.00	134.352585
4310.00	142.962341
4320.00	259.242615
4330.00	149.631836
4340.00	122.137779
4350.00	45.920399
4360.00	103.872749
4370.00	189.039764
4380.00	376.893188
4390.00	8.679152
4400.00	63.355507
4410.00	268.926392
4420.00	103.827049
4430.00	41.154869
4440.00	91.113281
4450.00	121.394836
4460.00	148.864563
4470.00	321.336670
4480.00	140.943970
4490.00	67.354286
4500.00	280.473175
4510.00	279.148224
4520.00	178.360168
4530.00	129.974838
4540.00	294.131104
4550.00	213.529968
4560.00	98.244492
4570.00	198.435883
4580.00	125.539948
4590.00	136.162964
4600.00	190.456421
4610.00	75.297112
4620.00	149.168274
4630.00	181.133438
4640.00	1221.435425
4650.00	276.484619
4660.00	214.293610
4670.00	61.024853
4680.00	140.553909
4690.00	94.566269
4700.00	169.248093
4710.00	154.385590
4720.00	318.721619
4730.00	185.440399
4740.00	127.559982
4750.00	32.926315
4760.00	94.574142
4770.00	71.622246
4780.00	141.316299
4790.00	91.514313
4800.00	186.832886
4810.00	82.041588
4820.00	53.134380
4830.00	112.479134
4840.00	90.404381
4850.00	272.485901
4860.00	85.181427
4870.00	122.305908
4880.00	72.459312
4890.00	56.099701
4900.00	201.710037
4910.00	76.198792
4920.00	71.767845
4930.00	229.365250
4940.00	75.732155
4950.00	150.275452
4960.00	137.336700
4970.00	207.240585
4980.00	79.699844
4990.00	441.218872
5000.00	244.454010
5010.00	42.100182
5020.00	119.833565
5030.00	94.339836
5040.00	267.320496
5050.00	30.888680
5060.00	134.637833
5070.00	116.864853
5080.00	137.829895
5090.00	10.851817
5100.00	93.806953
5110.00	29.951956
5120.00	88.510506
5130.00	175.699799
5140.00	79.675835
5150.00	70.103310
5160.00	145.057220
5170.00	73.452972
5180.00	82.353439
5190.00	15.262993
5200.00	164.662094
5210.00	171.125427
5220.00	118.532990
5230.00	46.468151
5240.00	137.574371
5250.00	23.299376
5260.00	123.818657
5270.00	70.900063
5280.00	249.471802
5290.00	218.644562
5300.00	93.106483
5310.00	63.046490
5320.00	254.648956
5330.00	143.980911
5340.00	301.100891
5350.00	92.182739
5360.00	126.093857
5370.00	49.756233
5380.00	44.629009
5390.00	110.549713
5400.00	103.552979
5410.00	119.474579
5420.00	210.421570
5430.00	91.785690
5440.00	118.721893
5450.00	46.449951
5460.00	117.142059
5470.00	245.342834
5480.00	83.561195
5490.00	160.266571
5500.00	304.798553
5510.00	218.981781
5520.00	71.313469
5530.00	129.420364
5540.00	67.595047
5550.00	228.560532
5560.00	38.258514
5570.00	79.751015
5580.00	205.356522
5590.00	131.339584
5600.00	131.053391
5610.00	95.740074
5620.00	59.331417
5630.00	49.302479
5640.00	226.414886
5650.00	88.208549
5660.00	83.140144
5670.00	79.480453
5680.00	192.161270
5690.00	114.549889
5700.00	138.148376
5710.00	220.531433
5720.00	54.427761
5730.00	144.796677
5740.00	115.768417
5750.00	128.980759
5760.00	144.545395
5770.00	49.609928
5780.00	167.938644
5790.00	89.655830
5800.00	193.744415
5810.00	81.145203
5820.00	106.274452
5830.00	192.916000
5840.00	150.230576
5850.00	494.775513
5860.00	365.766144
5870.00	129.219650
5880.00	96.497604
5890.00	201.574722
5900.00	227.073624
5910.00	143.871307
5920.00	114.383667
5930.00	38.670761
5940.00	98.348122
5950.00	35.394886
5960.00	29.151917
5970.00	133.465515
5980.00	162.606567
5990.00	160.624435
6000.00	100.388496
6010.00	105.283699
6020.00	107.924950
6030.00	72.617744
6040.00	164.272339
6050.00	38.165611
6060.00	137.321640
6070.00	137.276855
6080.00	94.350021
6090.00	213.573151
6100.00	134.564651
6110.00	83.549263
6120.00	14.884179
6130.00	181.051590
6140.00	30.502972
6150.00	86.414688
6160.00	28.282858
6170.00	101.032005
6180.00	41.716766
6190.00	79.274643
6200.00	340.017487
6210.00	92.518005
6220.00	62.549038
6230.00	25.683104
6240.00	79.788521
6250.00	147.711838
6260.00	110.633888
6270.00	197.596359
6280.00	351.486572
6290.00	44.938679
6300.00	57.650562
6310.00	81.319214
6320.00	55.363113
6330.00	229.611984
6340.00	198.862137
6350.00	48.929237
6360.00	61.753761
6370.00	102.836174
6380.00	115.744560
6390.00	49.082886
6400.00	58.610725
6410.00	8.050005
6420.00	215.227142
6430.00	108.081940
6440.00	128.613876
6450.00	105.730942
6460.00	124.872696
6470.00	129.856537
6480.00	226.155273
6490.00	209.369293
6500.00	49.704361
6510.00	29.252075
6520.00	215.739227
6530.00	84.791489
6540.00	36.985313
6550.00	143.088760
6560.00	180.406067
6570.00	135.800369
6580.00	118.432335
6590.00	37.290531
6600.00	262.100647
6610.00	63.263763
6620.00	158.757980
6630.00	400.018372
6640.00	127.784035
6650.00	57.162430
6660.00	160.092377
6670.00	131.306412
6680.00	39.482227
6690.00	35.910801
6700.00	83.534500
6710.00	70.009911
6720.00	55.306374
6730.00	186.583878
6740.00	148.100555
6750.00	57.038902
6760.00	37.321526
6770.00	115.997055
6780.00	113.110947
6790.00	20.547075
6800.00	252.408936
6810.00	69.883926
6820.00	146.406723
6830.00	110.363564
6840.00	239.395660
6850.00	272.901215
6860.00	29.731705
6870.00	147.196365
6880.00	182.476120
6890.00	183.672150
6900.00	208.606613
6910.00	191.349655
6920.00	19.731812
6930.00	136.335358
6940.00	103.967400
6950.00	121.797424
6960.00	97.144371
6970.00	59.836796
6980.00	82.783165
6990.00	126.876152
7000.00	44.880337
7010.00	79.399757
7020.00	135.586121
7030.00	46.115894
7040.00	276.542328
7050.00	57.632095
7060.00	114.773300
7070.00	163.856949
7080.00	59.585503
7090.00	161.882614
7100.00	176.141800
7110.00	18.700253
7120.00	143.454971
7130.00	38.584385
7140.00	139.105713
7150.00	62.575829
7160.00	94.217819
7170.00	34.399883
7180.00	155.931351
7190.00	190.208130
7200.00	116.551773
7210.00	100.916878
7220.00	108.156158
7230.00	267.718201
7240.00	488.521301
7250.00	90.106049
7260.00	83.672623
7270.00	255.525711
7280.00	123.053116
7290.00	197.758316
7300.00	109.152603
7310.00	205.701279
7320.00	18.736858
7330.00	125.001633
7340.00	237.364563
7350.00	80.286026
7360.00	129.862183
7370.00	153.694305
7380.00	155.611862
7390.00	65.024284
7400.00	218.423325
7410.00	660.616150
7420.00	183.656799
7430.00	112.113167
7440.00	73.716316
7450.00	131.447021
7460.00	64.370834
7470.00	166.848938
7480.00	80.452599
7490.00	298.453796
7500.00	269.113525
7510.00	152.907684
7520.00	49.057716
7530.00	104.478928
7540.00	151.112915
7550.00	81.291664
7560.00	76.396461
7570.00	180.491669
7580.00	104.996346
7590.00	236.067413
7600.00	105.493500
7610.00	196.820679
7620.00	173.888687
7630.00	116.792397
7640.00	104.027138
7650.00	70.952850
7660.00	133.432327
7670.00	80.132751
7680.00	88.337883
7690.00	180.543427
7700.00	133.677002
7710.00	234.595551
7720.00	64.039711
7730.00	86.914490
7740.00	110.790573
7750.00	121.910767
7760.00	374.744049
7770.00	234.397659
7780.00	128.424484
7790.00	160.074921
7800.00	142.207855
7810.00	238.106598
7820.00	55.941280
7830.00	252.662842
7840.00	501.155182
7850.00	355.619171
7860.00	264.919983
7870.00	77.730148
7880.00	145.186020
7890.00	158.833801
7900.00	285.182617
7910.00	96.539246
7920.00	242.490112
7930.00	152.055298
7940.00	141.834488
7950.00	63.407158
7960.00	104.279251
7970.00	60.588173
7980.00	126.256294
7990.00	40.304466
8000.00	155.356155
8010.00	204.663040
8020.00	111.968292
8030.00	43.693726
8040.00	71.816490
8050.00	256.622284
8060.00	101.023109
8070.00	119.362869
8080.00	36.303223
8090.00	95.734055
8100.00	110.807518
8110.00	67.536270
8120.00	199.341888
8130.00	145.041641
8140.00	71.900337
8150.00	31.295586
8160.00	134.982819
8170.00	281.688110
8180.00	135.762863
8190.00	340.568970
8200.00	122.793961
8210.00	85.089005
8220.00	210.754959
8230.00	134.748169
8240.00	89.973457
8250.00	312.693207
8260.00	159.715927
8270.00	105.890327
8280.00	179.180862
8290.00	31.132065
8300.00	185.206970
8310.00	65.606094
8320.00	152.846970
8330.00	16.939051
8340.00	104.270813
8350.00	75.530067
8360.00	79.976807
8370.00	48.135990
8380.00	65.862114
8390.00	101.970947
8400.00	138.352600
8410.00	250.443207
8420.00	103.066956
8430.00	106.647537
8440.00	167.487610
8450.00	104.087715
8460.00	90.917824
8470.00	121.399605
8480.00	109.272316
8490.00	98.312500
8500.00	185.114883
8510.00	131.654861
8520.00	111.347481
8530.00	122.425026
8540.00	233.419250
8550.00	51.022495
8560.00	63.940571
8570.00	25.840502
8580.00	117.838211
8590.00	106.365059
8600.00	33.536846
8610.00	137.740616
8620.00	183.875763
8630.00	114.435951
8640.00	174.155746
8650.00	156.372284
8660.00	92.587540
8670.00	182.846405
8680.00	107.503998
8690.00	35.630726
8700.00	102.327209
8710.00	76.872612
8720.00	159.003693
8730.00	155.560822
8740.00	88.930824
8750.00	25.888805
8760.00	95.279091
8770.00	197.714020
8780.00	129.592758
8790.00	54.552021
8800.00	106.496323
8810.00	141.747635
8820.00	108.266106
8830.00	199.996002
8840.00	194.625824
8850.00	66.938980
8860.00	142.480011
8870.00	83.670837
8880.00	89.919846
8890.00	80.265480
8900.00	130.392853
8910.00	6.244582
8920.00	43.501316
8930.00	189.729660
8940.00	19.019590
8950.00	108.296310
8960.00	185.365417
8970.00	143.652695
8980.00	201.321320
8990.00	132.757355
9000.00	159.847244
9010.00	108.341988
9020.00	91.546158
9030.00	294.869446
9040.00	138.490692
9050.00	230.623184
9060.00	169.819931
9070.00	67.003716
9080.00	128.927887
9090.00	161.534378
9100.00	107.387268
9110.00	23.770426
9120.00	153.256683
9130.00	132.072495
9140.00	228.486359
9150.00	236.417938
9160.00	137.992584
9170.00	182.170639
9180.00	180.608826
9190.00	38.776043
9200.00	87.966049
9210.00	106.403587
9220.00	40.291759
9230.00	79.193710
9240.00	42.024029
9250.00	57.630138
9260.00	101.542709
9270.00	127.181015
9280.00	119.081139
9290.00	102.793900
9300.00	127.380577
9310.00	158.411484
9320.00	32.529530
9330.00	68.216866
9340.00	140.016632
9350.00	52.809231
9360.00	110.267143
9370.00	135.892120
9380.00	173.280289
9390.00	100.353233
9400.00	16.359663
9410.00	135.757156
9420.00	42.488651
9430.00	66.312813
9440.00	37.496601
9450.00	139.408524
9460.00	109.635193
9470.00	230.491486
9480.00	99.780182
9490.00	113.083603
9500.00	75.921684
9510.00	130.369049
9520.00	26.083176
9530.00	175.138611
9540.00	29.237858
9550.00	202.076263
9560.00	216.582077
9570.00	357.400055
9580.00	254.852280
9590.00	197.012787
9600.00	281.922485
9610.00	209.433426
9620.00	72.187500
9630.00	18.656506
9640.00	294.354462
9650.00	75.728676
9660.00	185.466904
9670.00	164.849014
9680.00	66.642998
9690.00	27.479078
9700.00	105.238174
9710.00	86.115021
9720.00	115.353767
9730.00	114.355797
9740.00	200.909241
9750.00	117.564644
9760.00	160.958664
9770.00	14.386132
9780.00	115.805885
9790.00	141.738297
9800.00	111.685844
9810.00	41.104340
9820.00	92.336815
9830.00	165.039322
9840.00	185.233856
9850.00	171.683609
9860.00	113.284874
9870.00	73.666573
9880.00	81.619408
9890.00	212.311172
9900.00	250.668289
9910.00	152.853500
9920.00	277.172852
9930.00	113.418678
9940.00	214.766815
9950.00	290.914642
9960.00	227.314697
9970.00	111.083527
9980.00	65.480774
9990.00	58.066967
10000.00	189.610565
10010.00	191.902191
10020.00	156.632263
10030.00	148.391327
10040.00	113.928085
10050.00	91.106758
10060.00	146.752075
10070.00	303.117310
10080.00	200.178696
10090.00	237.803360
10100.00	82.792931
10110.00	69.468483
10120.00	89.696861
10130.00	177.000046
10140.00	143.541595
10150.00	182.811798
10160.00	124.939827
10170.00	178.979523
10180.00	484.417694
10190.00	219.898041
10200.00	79.131226
10210.00	123.255013
10220.00	163.046692
10230.00	149.961563
10240.00	173.932541
10250.00	175.774307
10260.00	173.668625
10270.00	149.372726
10280.00	202.884430
10290.00	214.004028
10300.00	91.450233
10310.00	102.911362
10320.00	197.530838
10330.00	74.139740
10340.00	150.515839
10350.00	356.982605
10360.00	181.658997
10370.00	204.324951
10380.00	360.410583
10390.00	234.366760
10400.00	117.455948
10410.00	151.219513
10420.00	160.950562
10430.00	58.613346
10440.00	143.632935
10450.00	191.784119
10460.00	156.930511
10470.00	193.140060
10480.00	59.452629
10490.00	102.475990
10500.00	51.261513
10510.00	219.385559
10520.00	130.976364
10530.00	166.948227
10540.00	170.895020
10550.00	152.813492
10560.00	61.610603
10570.00	110.006508
10580.00	67.460129
10590.00	226.311234
10600.00	109.214684
10610.00	149.108170
10620.00	93.089966
10630.00	323.333496
10640.00	145.600845
10650.00	170.500504
10660.00	179.163940
10670.00	120.168129
10680.00	208.464813
10690.00	189.801880
10700.00	181.023590
10710.00	243.312531
10720.00	184.017197
10730.00	387.943542
10740.00	317.337860
10750.00	146.262619
10760.00	97.667404
10770.00	67.429474
10780.00	144.525894
10790.00	87.639999
10800.00	59.974819
10810.00	111.547096
10820.00	146.331879
10830.00	80.313736
10840.00	39.850567
10850.00	152.343002
10860.00	284.509186
10870.00	224.438171
10880.00	236.710236
10890.00	100.120865
10900.00	53.055485
10910.00	25.036924
10920.00	111.352005
10930.00	134.093964
10940.00	73.895279
10950.00	236.638519
10960.00	582.290100
10970.00	160.942352
10980.00	91.009392
10990.00	81.016449
11000.00	92.140259
11010.00	136.335175
11020.00	135.702133
11030.00	151.099274
11040.00	92.457550
11050.00	275.788086
11060.00	115.374763
11070.00	136.951248
11080.00	30.911928
11090.00	164.011917
11100.00	127.895775
11110.00	67.347710
11120.00	116.308533
11130.00	84.630653
11140.00	9.936704
11150.00	236.481400
11160.00	43.189102
11170.00	163.448563
11180.00	82.100136
11190.00	182.512314
11200.00	224.984818
11210.00	70.506981
11220.00	131.127472
11230.00	18.507061
11240.00	26.493780
11250.00	235.880966
11260.00	17.499067
11270.00	98.132759
11280.00	110.822563
11290.00	156.938354
11300.00	170.092651
11310.00	201.111008
11320.00	98.062958
11330.00	40.419998
11340.00	48.452274
11350.00	78.974953
11360.00	113.159332
11370.00	152.201965
11380.00	211.628143
11390.00	114.280273
11400.00	108.301880
11410.00	57.867085
11420.00	99.923729
11430.00	166.281357
11440.00	40.408394
11450.00	185.486267
11460.00	85.755699
11470.00	122.817215
11480.00	53.411770
11490.00	137.569595
11500.00	51.876652
11510.00	102.320335
11520.00	250.766525
11530.00	41.940338
11540.00	208.033905
11550.00	140.627274
11560.00	67.063118
11570.00	97.361267
11580.00	31.532768
11590.00	104.699898
11600.00	74.846130
11610.00	149.838791
11620.00	182.076950
11630.00	82.768250
11640.00	51.128235
11650.00	142.609024
11660.00	442.530640
11670.00	73.329170
11680.00	37.927464
11690.00	270.816711
11700.00	13.983645
11710.00	325.079865
11720.00	162.748917
11730.00	261.363647
11740.00	187.312225
11750.00	144.231903
11760.00	81.890251
11770.00	156.225006
11780.00	211.509781
11790.00	90.051384
11800.00	67.352753
11810.00	206.226318
11820.00	98.862175
11830.00	114.102394
11840.00	168.902237
11850.00	78.226524
11860.00	172.861130
11870.00	222.779373
11880.00	132.076920
11890.00	249.674118
11900.00	102.525581
11910.00	55.765095
11920.00	33.773342
11930.00	22.867212
11940.00	180.790680
11950.00	187.946655
11960.00	305.549530
11970.00	97.807770
11980.00	208.501984
11990.00	76.998764
12000.00	56.607471
12010.00	339.780731
12020.00	60.620155
12030.00	71.118797
12040.00	82.701805
12050.00	37.413982
12060.00	201.301422
12070.00	127.106606
12080.00	112.176308
12090.00	150.203934
12100.00	88.679276
12110.00	74.434998
12120.00	121.922127
12130.00	94.060501
12140.00	244.959503
12150.00	42.682411
12160.00	243.009872
12170.00	123.201256
12180.00	210.474792
12190.00	152.072144
12200.00	66.965759
12210.00	138.687973
12220.00	29.014835
12230.00	86.520523
12240.00	17.270332
12250.00	113.648323
12260.00	202.353409
12270.00	115.827919
12280.00	135.663223
12290.00	133.568207
12300.00	20.066542
12310.00	243.813049
12320.00	147.615982
12330.00	38.425808
12340.00	161.709229
12350.00	51.577675
12360.00	185.962433
12370.00	146.711655
12380.00	112.385567
12390.00	72.788528
12400.00	87.129868
12410.00	166.239182
12420.00	98.017296
12430.00	170.829147
12440.00	13.527643
12450.00	102.517555
12460.00	247.813171
12470.00	169.951065
12480.00	167.037170
12490.00	81.800468
12500.00	30.239748
12510.00	142.320053
12520.00	107.154083
12530.00	111.202026
12540.00	39.702606
12550.00	80.277679
12560.00	92.052589
12570.00	63.092293
12580.00	76.426582
12590.00	38.904797
12600.00	32.516888
12610.00	57.818478
12620.00	180.595642
12630.00	85.874191
12640.00	103.203583
12650.00	66.040794
12660.00	49.587936
12670.00	17.103853
12680.00	141.268341
12690.00	8.284640
12700.00	211.930222
12710.00	15.169854
12720.00	104.961121
12730.00	88.860634
12740.00	27.460941
12750.00	132.077133
12760.00	27.344656
12770.00	59.542011
12780.00	12.412231
12790.00	42.671253
12800.00	86.897820
12810.00	78.543068
12820.00	102.694588
12830.00	72.065018
12840.00	37.582493
12850.00	175.536743
12860.00	60.670891
12870.00	13.260261
12880.00	66.983009
12890.00	81.422546
12900.00	121.715012
12910.00	46.448765
12920.00	31.322453
12930.00	182.512238
12940.00	72.050163
12950.00	49.293118
12960.00	170.439407
12970.00	135.848618
12980.00	54.648598
12990.00	52.327930
13000.00	30.913378
13010.00	86.766647
13020.00	178.078583
13030.00	137.068680
13040.00	49.172306
13050.00	123.649872
13060.00	250.244247
13070.00	17.142574
13080.00	25.965553
13090.00	158.629364
13100.00	146.468933
13110.00	209.423599
13120.00	117.566360
13130.00	143.548386
13140.00	37.816601
13150.00	52.424812
13160.00	84.053505
13170.00	242.645691
13180.00	58.441238
13190.00	106.942871
13200.00	101.155479
13210.00	132.885345
13220.00	207.097565
13230.00	186.105148
13240.00	186.570419
13250.00	57.991673
13260.00	84.008400
13270.00	198.835327
13280.00	238.690018
13290.00	322.252747
13300.00	89.059006
13310.00	147.032639
13320.00	243.606522
13330.00	160.650833
13340.00	98.978867
13350.00	125.480537
13360.00	22.571018
13370.00	121.554741
13380.00	66.875481
13390.00	50.952549
13400.00	84.767128
13410.00	156.551407
13420.00	185.059982
13430.00	28.599266
13440.00	214.992584
13450.00	54.310913
13460.00	183.494797
13470.00	87.136932
13480.00	77.640808
13490.00	35.873226
13500.00	112.289055
13510.00	70.968330
13520.00	130.914810
13530.00	50.852951
13540.00	33.399223
13550.00	101.198814
13560.00	85.600990
13570.00	87.382912
13580.00	191.731247
13590.00	149.918228
13600.00	197.985687
13610.00	17.913174
13620.00	36.178619
13630.00	193.408203
13640.00	126.815651
13650.00	31.887074
13660.00	52.444332
13670.00	62.354168
13680.00	149.292084
13690.00	131.565781
13700.00	148.634506
13710.00	31.911648
13720.00	158.192322
13730.00	91.754402
13740.00	149.354584
13750.00	46.799473
13760.00	91.959435
13770.00	209.223892
13780.00	55.685154
13790.00	88.865761
13800.00	89.232292
13810.00	278.067139
13820.00	147.112442
13830.00	245.296555
13840.00	149.029236
13850.00	64.371452
13860.00	123.502144
13870.00	96.699890
13880.00	227.862518
13890.00	36.212784
13900.00	130.834808
13910.00	182.519958
13920.00	71.255028
13930.00	93.515648
13940.00	55.632637
13950.00	65.833427
13960.00	49.576046
13970.00	77.662048
13980.00	145.682693
13990.00	122.289635
14000.00	85.816597
14010.00	91.577995
14020.00	185.002548
14030.00	56.776688
14040.00	83.458519
14050.00	196.651459
14060.00	217.164825
14070.00	120.304184
14080.00	151.982788
14090.00	130.200073
14100.00	269.100464
14110.00	49.155518
14120.00	149.450287
14130.00	208.830307
14140.00	103.520660
14150.00	133.902206
14160.00	241.343002
14170.00	88.429108
14180.00	164.507584
14190.00	165.467056
14200.00	104.700615
14210.00	153.835205
14220.00	10.462251
14230.00	227.685608
14240.00	111.556404
14250.00	236.501831
14260.00	238.286972
14270.00	136.905182
14280.00	104.007591
14290.00	223.447388
14300.00	278.074188
14310.00	189.949341
14320.00	190.060410
14330.00	210.983978
14340.00	166.244019
14350.00	85.198227
14360.00	74.158318
14370.00	72.560562
14380.00	220.862625
14390.00	164.166519
14400.00	135.016388
14410.00	110.490669
14420.00	22.303263
14430.00	97.815201
14440.00	155.435547
14450.00	124.712341
14460.00	195.515259
14470.00	69.440895
14480.00	97.211304
14490.00	285.936951
14500.00	157.702515
14510.00	137.711655
14520.00	161.976273
14530.00	215.811325
14540.00	54.555233
14550.00	142.918411
14560.00	123.278397
14570.00	150.456879
14580.00	212.677902
14590.00	294.332855
14600.00	123.085052
14610.00	43.765480
14620.00	42.116283
14630.00	62.283760
14640.00	122.163994
14650.00	12.895876
14660.00	210.107086
14670.00	230.770981
14680.00	69.649033
14690.00	137.320206
14700.00	160.976807
14710.00	312.817017
14720.00	51.792728
14730.00	93.661865
14740.00	250.721130
14750.00	61.590542
14760.00	96.673714
14770.00	153.072342
14780.00	158.563110
14790.00	211.080109
14800.00	81.225700
14810.00	150.371155
14820.00	220.411530
14830.00	144.320160
14840.00	426.281738
14850.00	336.513214
14860.00	276.856903
14870.00	167.090988
14880.00	154.095413
14890.00	125.583351
14900.00	75.263596
14910.00	169.930939
14920.00	59.878971
14930.00	217.394470
14940.00	11.743799
14950.00	72.997887
14960.00	294.557739
14970.00	155.035126
14980.00	139.123810
14990.00	140.718704
15000.00	69.558929
15010.00	147.938141
15020.00	307.578156
15030.00	49.400021
15040.00	235.355194
15050.00	92.434692
15060.00	86.372139
15070.00	104.677353
15080.00	207.055771
15090.00	93.269043
15100.00	140.434875
15110.00	61.988464
15120.00	104.577301
15130.00	79.987541
15140.00	147.226486
15150.00	175.508850
15160.00	47.228424
15170.00	53.921745
15180.00	160.576157
15190.00	257.363739
15200.00	94.111618
15210.00	65.537155
15220.00	159.376297
15230.00	103.584801
15240.00	105.112656
15250.00	36.549660
15260.00	73.092316
15270.00	140.270203
15280.00	62.316124
15290.00	164.604599
15300.00	137.909592
15310.00	233.495895
15320.00	47.611069
15330.00	31.464821
15340.00	135.163651
15350.00	256.249573
15360.00	262.116913
15370.00	156.596710
15380.00	201.511429
15390.00	88.380112
15400.00	155.800446
15410.00	88.216789
15420.00	320.374329
15430.00	124.600906
15440.00	163.358154
15450.00	44.727863
15460.00	93.370239
15470.00	327.400848
15480.00	179.627396
15490.00	49.887081
15500.00	37.870529
15510.00	262.444489
15520.00	158.664780
15530.00	120.668823
15540.00	123.093781
15550.00	104.064278
15560.00	131.044556
15570.00	16.442429
15580.00	157.057159
15590.00	241.400391
15600.00	186.435989
15610.00	156.662384
15620.00	146.482697
15630.00	103.578133
15640.00	123.951843
15650.00	155.607544
15660.00	207.143082
15670.00	71.541557
15680.00	37.006905
15690.00	62.039848
15700.00	33.717491
15710.00	86.451401
15720.00	71.647629
15730.00	55.323006
15740.00	67.944939
15750.00	23.722029
15760.00	115.098846
15770.00	91.443748
15780.00	84.284569
15790.00	34.583893
15800.00	208.105972
15810.00	143.687317
15820.00	189.251984
15830.00	63.989330
15840.00	366.171387
15850.00	97.256599
15860.00	65.188652
15870.00	179.118362
15880.00	65.457245
15890.00	111.957260
15900.00	233.158340
15910.00	35.185665
15920.00	57.150352
15930.00	28.225195
15940.00	86.577774
15950.00	190.122604
15960.00	156.860245
15970.00	26.865780
15980.00	56.850224
15990.00	70.613480
16000.00	188.456985
16010.00	216.959549
16020.00	63.478100
16030.00	46.353291
16040.00	166.992554
16050.00	66.410828
16060.00	115.544395
16070.00	47.840588
16080.00	56.876884
16090.00	124.895264
16100.00	67.834869
16110.00	204.620026
16120.00	65.737259
16130.00	30.658417
16140.00	79.393433
16150.00	292.780518
16160.00	121.584381
16170.00	353.437103
16180.00	119.329018
16190.00	221.781403
16200.00	140.334305
16210.00	191.115112
16220.00	236.370239
16230.00	182.595718
16240.00	50.952568
16250.00	117.017654
16260.00	84.505692
16270.00	153.782593
16280.00	141.263321
16290.00	299.065582
16300.00	36.079544
16310.00	212.331589
16320.00	145.605545
16330.00	330.277802
16340.00	230.177216
16350.00	253.970963
16360.00	71.604782
16370.00	200.239014
16380.00	143.484268
16390.00	53.385418
16400.00	174.329178
16410.00	104.429352
16420.00	6.442727
16430.00	128.827179
16440.00	270.969452
16450.00	147.023773
16460.00	112.955482
16470.00	113.641235
16480.00	208.889679
16490.00	277.051880
16500.00	194.778931
16510.00	73.418388
16520.00	211.883286
16530.00	333.788239
16540.00	82.229111
16550.00	41.781082
16560.00	45.736275
16570.00	138.726166
16580.00	220.617706
16590.00	252.709564
16600.00	348.040558
16610.00	149.289413
16620.00	259.397522
16630.00	123.674240
16640.00	231.554993
16650.00	48.701637
16660.00	104.105301
16670.00	241.654327
16680.00	62.385502
16690.00	172.388641
16700.00	87.718941
16710.00	186.604431
16720.00	177.084549
16730.00	159.833191
16740.00	212.545410
16750.00	35.171478
16760.00	72.432968
16770.00	88.215210
16780.00	58.955627
16790.00	103.161224
16800.00	138.457703
16810.00	11.742514
16820.00	71.166603
16830.00	83.426208
16840.00	78.637093
16850.00	67.324226
16860.00	182.176025
16870.00	252.012482
16880.00	194.071289
16890.00	17.070154
16900.00	16.812357
16910.00	89.839264
16920.00	139.735107
16930.00	131.466339
16940.00	44.786541
16950.00	159.832138
16960.00	125.508629
16970.00	221.336761
16980.00	95.360130
16990.00	164.878540
17000.00	39.886471
17010.00	46.007568
17020.00	97.208267
17030.00	89.911041
17040.00	114.963219
17050.00	90.314751
17060.00	54.279804
17070.00	205.674805
17080.00	104.908867
17090.00	175.404312
17100.00	226.318924
17110.00	208.866516
17120.00	112.960228
17130.00	184.438232
17140.00	19.816977
17150.00	164.721634
17160.00	97.441467
17170.00	84.651642
17180.00	76.612808
17190.00	33.387707
17200.00	128.882843
17210.00	36.353798
17220.00	172.811813
17230.00	34.526943
17240.00	187.460999
17250.00	120.523926
17260.00	35.402992
17270.00	232.570969
17280.00	196.870819
17290.00	109.568192
17300.00	111.779526
17310.00	124.355736
17320.00	233.592728
17330.00	104.282318
17340.00	161.858047
17350.00	117.192551
17360.00	214.768814
17370.00	63.562626
17380.00	61.470745
17390.00	160.451645
17400.00	184.207504
17410.00	93.094597
17420.00	146.006699
17430.00	216.587509
17440.00	183.067230
17450.00	387.221069
17460.00	244.616058
17470.00	201.927032
17480.00	219.812622
17490.00	79.144699
17500.00	95.360847
17510.00	96.147560
17520.00	97.527725
17530.00	21.314669
17540.00	121.559265
17550.00	74.807007
17560.00	76.562492
17570.00	156.494507
17580.00	53.521843
17590.00	34.960438
17600.00	37.631752
17610.00	139.644562
17620.00	129.249008
17630.00	141.680389
17640.00	78.996613
17650.00	119.913223
17660.00	107.858055
17670.00	10.256783
17680.00	125.753731
17690.00	115.163704
17700.00	48.706638
17710.00	127.319893
17720.00	145.262039
17730.00	18.014618
17740.00	76.422272
17750.00	48.430740
17760.00	98.992241
17770.00	71.823509
17780.00	63.588264
17790.00	88.227074
17800.00	56.529030
17810.00	140.419296
17820.00	81.294365
17830.00	171.588394
17840.00	41.348114
17850.00	43.763790
17860.00	247.230591
17870.00	128.501389
17880.00	136.625916
17890.00	163.131226
17900.00	319.472137
17910.00	233.202377
17920.00	97.560120
17930.00	141.740417
17940.00	103.071571
17950.00	96.120926
17960.00	104.712151
17970.00	364.075256
17980.00	239.771667
17990.00	196.154205
18000.00	239.037796
18010.00	290.364105
18020.00	44.947624
18030.00	185.798340
18040.00	228.754944
18050.00	129.189255
18060.00	173.273376
18070.00	157.644547
18080.00	154.287125
18090.00	324.856232
18100.00	70.246407
18110.00	43.963207
18120.00	91.754295
18130.00	102.713058
18140.00	139.755173
18150.00	247.012741
18160.00	88.573730
18170.00	177.288910
18180.00	94.612381
18190.00	242.760880
18200.00	201.396088
18210.00	237.206375
18220.00	150.375092
18230.00	54.038315
18240.00	71.513306
18250.00	44.953239
18260.00	191.937592
18270.00	191.369858
18280.00	130.378098
18290.00	152.233948
18300.00	56.202168
18310.00	174.753860
18320.00	142.849487
18330.00	164.787369
18340.00	140.726074
18350.00	267.062195
18360.00	113.795250
18370.00	164.459000
18380.00	153.032928
18390.00	110.431374
18400.00	93.318802
18410.00	66.280182
18420.00	130.153595
18430.00	97.124733
18440.00	179.964981
18450.00	169.073532
18460.00	166.379944
18470.00	40.620605
18480.00	204.617538
18490.00	124.728249
18500.00	61.661022
18510.00	99.613785
18520.00	171.871429
18530.00	50.235615
18540.00	37.523701
18550.00	6.777736
18560.00	61.129402
18570.00	68.016403
18580.00	48.975365
18590.00	117.343384
18600.00	251.744598
18610.00	176.274597
18620.00	229.862885
18630.00	67.485275
18640.00	209.017700
18650.00	63.150379
18660.00	150.164780
18670.00	45.447220
18680.00	156.724426
18690.00	257.055359
18700.00	174.560898
18710.00	77.345589
18720.00	237.005981
18730.00	300.109009
18740.00	255.994293
18750.00	270.221558
18760.00	251.923264
18770.00	149.690781
18780.00	125.836250
18790.00	278.790558
18800.00	112.929031
18810.00	100.897125
18820.00	280.586517
18830.00	186.106567
18840.00	112.060730
18850.00	217.665314
18860.00	83.934738
18870.00	46.527657
18880.00	79.789536
18890.00	88.466080
18900.00	196.264496
18910.00	105.537437
18920.00	120.838295
18930.00	203.226364
18940.00	296.886383
18950.00	22.795664
18960.00	85.695610
18970.00	234.532776
18980.00	197.023071
18990.00	92.370117
19000.00	187.864380
19010.00	141.296234
19020.00	79.042793
19030.00	150.399902
19040.00	285.704773
19050.00	241.811447
19060.00	169.873367
19070.00	202.332855
19080.00	30.604794
19090.00	126.656357
19100.00	52.451962
19110.00	156.203049
19120.00	137.229279
19130.00	255.657593
19140.00	123.352203
19150.00	61.745567
19160.00	118.145470
19170.00	160.081711
19180.00	188.760132
19190.00	276.358521
19200.00	176.416672
19210.00	143.620560
19220.00	200.695190
19230.00	198.564972
19240.00	115.062935
19250.00	173.168106
19260.00	58.033936
19270.00	98.859184
19280.00	84.065857
19290.00	52.493645
19300.00	102.432510
19310.00	73.389824
19320.00	102.869202
19330.00	47.284805
19340.00	69.213112
19350.00	31.759043
19360.00	117.530777
19370.00	49.169144
19380.00	119.191971
19390.00	225.305847
19400.00	135.662079
19410.00	60.412338
19420.00	232.754593
19430.00	200.715286
19440.00	237.624924
19450.00	112.523445
19460.00	288.739105
19470.00	99.857101
19480.00	168.366974
19490.00	140.912491
19500.00	217.938858
19510.00	46.931816
19520.00	147.986710
19530.00	104.294235
19540.00	93.840302
19550.00	143.037369
19560.00	172.586548
19570.00	94.675621
19580.00	302.366730
19590.00	151.694153
19600.00	26.557634
19610.00	84.660774
19620.00	94.849968
19630.00	177.660919
19640.00	104.512833
19650.00	177.237335
19660.00	267.015289
19670.00	173.046783
19680.00	64.627312
19690.00	47.433243
19700.00	64.755165
19710.00	206.796539
19720.00	238.661545
19730.00	142.242706
19740.00	58.653130
19750.00	194.744843
19760.00	203.897156
19770.00	142.914627
19780.00	241.042053
19790.00	218.983734
19800.00	193.044678
19810.00	120.421906
19820.00	55.293056
19830.00	178.479660
19840.00	70.478622
19850.00	160.794373
19860.00	152.518845
19870.00	37.473125
19880.00	99.572372
19890.00	137.268677
19900.00	11.315475
19910.00	90.898315
19920.00	158.822235
19930.00	120.872772
19940.00	114.192871
19950.00	110.915848
19960.00	93.703735
19970.00	76.033615
19980.00	107.113716
19990.00	129.481766
20000.00	51.887547

======================================================================
TIME-DOMAIN SAMPLES (first 200 original vs filtered)
======================================================================
0	0.00000000	0.00000000
1	0.08700562	0.00000000
2	0.17401123	0.00000000
3	0.26101685	0.00000000
4	0.34805298	0.00000000
5	0.40927124	0.00000000
6	0.36743164	0.00000000
7	0.32559204	0.00000000
8	0.28375244	0.00000000
9	0.24191284	0.00000000
10	0.21545410	0.00000000
11	0.21206665	0.00000000
12	0.20867920	0.00000000
13	0.20529175	0.00000000
14	0.20187378	0.00000000
15	0.14431763	0.00000000
16	0.05065918	0.00000000
17	-0.04299927	0.00000000
18	-0.13668823	0.00000000
19	-0.23034668	0.00000000
20	-0.12283325	0.00000000
21	0.03497314	0.00000000
22	0.19277954	0.00000000
23	0.35058594	0.00000000
24	0.50830078	0.00000000
25	0.46603394	0.00000000
26	0.42370605	0.00000000
27	0.38137817	0.00000000
28	0.33901978	0.00000000
29	0.32565308	0.00000000
30	0.42810059	0.00000000
31	0.53048706	0.00000000
32	0.63290405	0.00000000
33	0.73535156	0.00000000
34	0.71624756	0.00000000
35	0.51480103	0.00000000
36	0.31341553	0.00000000
37	0.11196899	0.00000000
38	-0.08944702	0.00000000
39	-0.11828613	0.00000000
40	-0.03204346	0.00000000
41	0.05419922	0.00000000
42	0.14044189	0.00000000
43	0.22671509	0.00000000
44	0.17935181	0.00000000
45	0.09860229	0.00000000
46	0.01788330	0.00000000
47	-0.06286621	0.00000000
48	-0.14361572	0.00000000
49	0.02368164	0.00000000
50	0.19094849	0.00000000
51	0.35824585	0.00000000
52	0.52545166	0.00000000
53	0.63366699	0.00000000
54	0.50561523	0.00000000
55	0.37762451	0.00000000
56	0.24957275	0.00003052
57	0.12155151	0.00003052
58	0.04486084	0.00003052
59	0.04519653	0.00003052
60	0.04553223	0.00003052
61	0.04589844	0.00003052
62	0.04623413	0.00006104
63	-0.02636719	0.00006104
64	-0.14764404	0.00006104
65	-0.26892090	0.00009155
66	-0.39019775	0.00009155
67	-0.51141357	0.00009155
68	-0.46954346	0.00012207
69	-0.38681030	0.00012207
70	-0.30410767	0.00012207
71	-0.22137451	0.00015259
72	-0.13867188	0.00015259
73	-0.10858154	0.00018311
74	-0.07852173	0.00018311
75	-0.04843140	0.00021362
76	-0.01834106	0.00021362
77	0.00338745	0.00024414
78	-0.00827026	0.00024414
79	-0.01992798	0.00024414
80	-0.03158569	0.00027466
81	-0.04324341	0.00027466
82	-0.07235718	0.00027466
83	-0.12762451	0.07852173
84	-0.18289185	0.10156250
85	-0.23818970	0.00030518
86	-0.29345703	0.07852173
87	-0.36856079	0.10156250
88	-0.45684814	0.00030518
89	-0.54507446	0.07852173
90	-0.63336182	0.10156250
91	-0.72167969	0.00030518
92	-0.65036011	0.00027466
93	-0.53915405	0.00027466
94	-0.42797852	0.00024414
95	-0.31677246	0.00021362
96	-0.20556641	0.00018311
97	-0.21539307	0.00015259
98	-0.22521973	0.00009155
99	-0.23501587	0.00003052
100	-0.24484253	0.00000000
101	-0.23059082	-0.00009155
102	-0.12005615	-0.00015259
103	-0.00952148	-0.00024414
104	0.10101318	-0.00036621
105	0.21154785	-0.00048828
106	0.20956421	-0.00061035
107	0.03884888	-0.00073242
108	-0.13189697	-0.00088501
109	-0.30261230	-0.00106812
110	-0.47335815	-0.00122070
111	-0.48818970	-0.00143433
112	-0.39907837	-0.00161743
113	-0.30996704	-0.00183105
114	-0.22085571	-0.00204468
115	-0.13174438	-0.00228882
116	-0.17071533	-0.00253296
117	-0.24169922	-0.00280762
118	-0.31271362	-0.00305176
119	-0.38369751	-0.00332642
120	-0.45471191	-0.00360107
121	-0.24295044	-0.00390625
122	-0.03121948	-0.00418091
123	0.18051147	-0.00448608
124	0.39227295	-0.00479126
125	0.54202271	-0.00506592
126	0.44415283	-0.00537109
127	0.34622192	-0.00564575
128	0.24832153	-0.00592041
129	0.15039062	-0.00619507
130	0.11456299	-0.00643921
131	0.17187500	-0.00668335
132	0.22921753	-0.00689697
133	0.28652954	-0.00708008
134	0.34384155	-0.00723267
135	0.28512573	-0.00738525
136	0.14907837	-0.00747681
137	0.01300049	-0.00753784
138	-0.12307739	-0.00756836
139	-0.25915527	-0.00753784
140	-0.18740845	-0.00744629
141	-0.06369019	-0.00732422
142	0.05999756	-0.00714111
143	0.18371582	-0.00689697
144	0.30743408	-0.00659180
145	0.32406616	-0.00622559
146	0.34069824	-0.00579834
147	0.35733032	-0.00527954
148	0.37396240	-0.00466919
149	0.39794922	-0.00399780
150	0.45117188	-0.00326538
151	0.50436401	-0.00244141
152	0.55758667	-0.00152588
153	0.61083984	-0.00051880
154	0.60961914	0.00051880
155	0.52676392	0.00167847
156	0.44396973	0.00292969
157	0.36111450	0.00424194
158	0.27825928	0.00567627
159	0.20440674	0.00714111
160	0.13659668	0.00869751
161	0.06875610	0.01034546
162	0.00094604	0.01205444
163	-0.06686401	0.01379395
164	-0.03948975	0.01562500
165	0.01168823	0.01748657
166	0.06286621	0.01940918
167	0.11407471	0.02136230
168	0.16525269	0.02334595
169	0.17288208	0.02532959
170	0.18051147	0.02734375
171	0.18814087	0.02932739
172	0.19580078	0.03131104
173	0.21746826	0.03329468
174	0.29534912	0.03521729
175	0.37326050	0.03710938
176	0.45114136	0.03890991
177	0.52896118	0.04064941
178	0.50830078	0.04232788
179	0.33981323	0.04388428
180	0.17129517	0.04531860
181	0.00277710	0.04663086
182	-0.16574097	0.04779053
183	-0.21334839	0.04879761
184	-0.18035889	0.04962158
185	-0.14739990	0.05029297
186	-0.11441040	0.05072021
187	-0.08142090	0.05096436
188	-0.16101074	0.05099487
189	-0.26873779	0.05078125
190	-0.37646484	0.05029297
191	-0.48419189	0.04956055
192	-0.59182739	0.04858398
193	-0.40814209	0.04730225
194	-0.22436523	0.04574585
195	-0.04058838	0.04391479
196	0.14318848	0.04174805
197	0.26757812	0.03930664
198	0.15447998	0.03659058
199	0.04138184	0.03353882
