USFMH Diagnostic Dump
Sample mode: a
Sample rate: 48000 Hz
Original samples: 144000
Filtered samples: 144000
FIR taps: 501
Number of bands: 32

======================================================================
ORIGINAL AUDIO STATISTICS
======================================================================
  min: -0.484863
  max: 0.484863
  mean: -0.000000
  rms: 0.118876

======================================================================
FILTERED AUDIO STATISTICS
======================================================================
  min: -0.999969
  max: 0.999969
  mean: -0.000372
  rms: 0.545604

======================================================================
ORIGINAL FFT — TOP 20 PEAKS (positive freqs, up to 20 kHz)
======================================================================
   1.   15000.00 Hz  amplitude=2934.7766
   2.      30.00 Hz  amplitude=2181.4907
   3.      85.00 Hz  amplitude=2181.4590
   4.       1.00 Hz  amplitude=2181.4561
   5.      69.00 Hz  amplitude=2181.4529
   6.     105.00 Hz  amplitude=2181.4473
   7.     130.00 Hz  amplitude=2181.4121
   8.     160.00 Hz  amplitude=2181.3999
   9.     197.00 Hz  amplitude=2181.3315
  10.     243.00 Hz  amplitude=2181.2725
  11.     370.00 Hz  amplitude=2180.9556
  12.     300.00 Hz  amplitude=2180.8823
  13.     456.00 Hz  amplitude=2180.7292
  14.     562.00 Hz  amplitude=2180.3215
  15.     693.00 Hz  amplitude=2179.7380
  16.     854.00 Hz  amplitude=2178.7971
  17.    1052.00 Hz  amplitude=2177.4080
  18.    1296.00 Hz  amplitude=2175.2979
  19.    1596.00 Hz  amplitude=2172.1267
  20.    1967.00 Hz  amplitude=2167.2556

======================================================================
FILTERED FFT — TOP 20 PEAKS (positive freqs, up to 20 kHz)
======================================================================
   1.       1.00 Hz  amplitude=10690.7559
   2.      68.67 Hz  amplitude=9824.5361
   3.     159.33 Hz  amplitude=8440.0234
   4.      84.67 Hz  amplitude=8168.3540
   5.     104.67 Hz  amplitude=7383.3691
   6.     242.00 Hz  amplitude=7052.5830
   7.     129.33 Hz  amplitude=6862.0186
   8.      30.00 Hz  amplitude=6760.0024
   9.     298.67 Hz  amplitude=5657.1001
  10.     196.00 Hz  amplitude=5598.9966
  11.      29.67 Hz  amplitude=5112.7427
  12.     368.33 Hz  amplitude=5022.3594
  13.     196.33 Hz  amplitude=4754.1626
  14.     104.33 Hz  amplitude=4371.1904
  15.      29.00 Hz  amplitude=4021.2913
  16.       7.00 Hz  amplitude=3942.3909
  17.      24.00 Hz  amplitude=3814.9084
  18.     454.00 Hz  amplitude=3448.0796
  19.       6.00 Hz  amplitude=3395.7378
  20.       5.00 Hz  amplitude=3353.3674

======================================================================
PER-BAND FILTER ANALYSIS
Band        fmin        fmax     fcenter   Peak dB   Gain@ctr   Orig energy   Filt energy     Ratio
----------------------------------------------------------------------------------------------------
   0       33.50       41.50       37.50      0.37      -0.01          0.02   32861376.00  1783295488.0000
   1       41.50       51.00       46.25      0.54      -0.01          0.02   37592428.00  1669212160.0000
   2       51.00       62.50       56.75      0.75       0.03          0.22   40514012.00  182227312.0000
   3       62.50       77.00       69.75      0.99      -0.02    4758736.50  132229656.00   27.7867
   4       77.00       95.00       86.00      1.19       0.03    4758763.50  111679152.00   23.4681
   5       95.00      117.50      106.25      1.10       0.02    4758712.00  123463312.00   25.9447
   6      117.50      145.00      131.25      0.35      -0.01    4758559.00  123144768.00   25.8786
   7      145.00      178.50      161.75      0.02       0.00    4758505.50  137344480.00   28.8629
   8      178.50      220.00      199.25      0.00       0.00    4758368.00  125796232.00   26.4368
   9      220.00      271.50      245.75     -0.00      -0.00    4758110.00  114678928.00   24.1018
  10      271.50      335.00      303.25     -0.00      -0.00    4756247.50   72316392.00   15.2045
  11      335.00      413.00      374.00     -0.00      -0.00    4756567.00   66784320.00   14.0404
  12      413.00      509.00      461.00     -0.00      -0.00    4755910.50   49677996.00   10.4455
  13      509.00      627.50      568.25     -0.00      -0.00    4754083.50   34640888.00    7.2866
  14      627.50      773.50      700.50     -0.00      -0.00    4751916.50   27654314.00    5.8196
  15      773.50      953.00      863.25     -0.00      -0.00    4747344.50   24364766.00    5.1323
  16      953.00     1174.00     1063.50      0.00       0.00    4741106.50   20232954.00    4.2676
  17     1174.00     1446.00     1310.00     -0.00      -0.00    4732277.00   23829202.00    5.0355
  18     1446.00     1781.50     1613.75     -0.00      -0.00    4718857.50   31133022.00    6.5976
  19     1781.50     2195.50     1988.50     -0.00      -0.00    4697063.50   32331540.00    6.8834
  20     2195.50     2705.00     2450.25     -0.00      -0.00    4665698.50   31733332.00    6.8014
  21     2705.00     3333.00     3019.00     -0.00      -0.00    4619632.00   43439908.00    9.4033
  22     3333.00     4107.00     3720.00     -0.00      -0.00    4545952.00   51168220.00   11.2558
  23     4107.00     5060.00     4583.50      0.00       0.00    4441546.00   61417692.00   13.8280
  24     5060.00     6234.50     5647.25      0.00       0.00    4282910.00   75446352.00   17.6157
  25     6234.50     7681.00     6957.75      0.00      -0.00    4062929.75   87376424.00   21.5058
  26     7681.00     8739.50     8210.25      0.00      -0.00    3722854.00   68589624.00   18.4239
  27     8739.50     9722.50     9231.00      0.00       0.00    3605719.75   58876280.00   16.3286
  28     9722.50    12722.50    11222.50      0.00       0.00    6392118.00  190665456.00   29.8282
  29    12722.50    15000.00    13861.25      0.00       0.00    8659381.00  146439104.00   16.9110
  30    15000.00    17500.00    16250.00      0.00       0.00    8703810.00  158729216.00   18.2368
  31    17500.00    20000.00    18750.00      0.00       0.00    5036103.00  153178400.00   30.4161

======================================================================
ORIGINAL FFT DATA (freq_hz, amplitude) — positive freqs <= 20 kHz
======================================================================
0.00	0.027069
10.00	0.027085
20.00	0.028116
30.00	2181.490723
40.00	0.029281
50.00	0.034028
60.00	0.030762
70.00	0.030832
80.00	0.031709
90.00	0.027850
100.00	0.146099
110.00	0.027076
120.00	0.029029
130.00	2181.412109
140.00	0.028640
150.00	0.029277
160.00	2181.399902
170.00	0.027937
180.00	0.029612
190.00	0.032295
200.00	0.302813
210.00	0.027933
220.00	12.660156
230.00	0.027078
240.00	0.027137
250.00	0.027056
260.00	0.030431
270.00	0.032078
280.00	0.027076
290.00	0.032277
300.00	2180.882324
310.00	0.028532
320.00	0.028973
330.00	0.027417
340.00	0.035602
350.00	0.028062
360.00	0.029091
370.00	2180.955566
380.00	0.027762
390.00	0.028953
400.00	0.286632
410.00	0.028741
420.00	0.030749
430.00	0.030338
440.00	0.027044
450.00	0.032056
460.00	0.027090
470.00	0.028219
480.00	0.027212
490.00	0.028520
500.00	14.606217
510.00	0.027623
520.00	0.030755
530.00	0.027262
540.00	0.027032
550.00	0.028077
560.00	0.027065
570.00	0.034123
580.00	0.029266
590.00	0.026995
600.00	16.751951
610.00	0.029134
620.00	0.027100
630.00	0.034158
640.00	0.027000
650.00	0.028000
660.00	0.027096
670.00	0.027879
680.00	0.029899
690.00	0.027394
700.00	10.127340
710.00	0.027074
720.00	0.028024
730.00	0.030690
740.00	0.027023
750.00	0.028062
760.00	0.028127
770.00	0.029380
780.00	0.027045
790.00	0.032597
800.00	0.501360
810.00	0.027174
820.00	0.026998
830.00	0.026912
840.00	0.027050
850.00	0.027510
860.00	0.026903
870.00	0.026897
880.00	0.028267
890.00	0.038474
900.00	0.619183
910.00	0.029620
920.00	0.028617
930.00	0.027700
940.00	0.027086
950.00	0.027815
960.00	0.026903
970.00	0.030024
980.00	0.087134
990.00	0.027081
1000.00	0.515259
1010.00	0.028017
1020.00	0.027719
1030.00	0.028337
1040.00	0.026821
1050.00	0.028996
1060.00	0.027430
1070.00	0.034570
1080.00	0.029334
1090.00	0.036192
1100.00	0.187631
1110.00	0.028669
1120.00	0.026916
1130.00	0.026953
1140.00	0.026908
1150.00	0.031214
1160.00	0.027013
1170.00	0.031082
1180.00	0.031445
1190.00	0.027334
1200.00	16.145504
1210.00	0.027201
1220.00	0.030412
1230.00	0.027304
1240.00	0.033549
1250.00	0.027776
1260.00	0.026775
1270.00	0.036093
1280.00	0.037324
1290.00	0.026875
1300.00	0.178582
1310.00	0.026764
1320.00	0.029635
1330.00	0.026694
1340.00	0.026666
1350.00	0.027674
1360.00	0.026647
1370.00	0.030066
1380.00	0.029328
1390.00	0.035187
1400.00	0.227978
1410.00	0.026792
1420.00	0.132296
1430.00	0.027626
1440.00	0.026590
1450.00	0.027013
1460.00	0.032008
1470.00	0.028017
1480.00	0.029733
1490.00	0.026845
1500.00	0.365773
1510.00	0.026553
1520.00	0.029486
1530.00	0.027180
1540.00	0.026563
1550.00	0.040569
1560.00	0.029858
1570.00	0.027207
1580.00	0.032574
1590.00	0.026547
1600.00	0.207857
1610.00	0.027762
1620.00	0.026588
1630.00	0.028361
1640.00	0.027980
1650.00	0.027567
1660.00	0.027966
1670.00	0.026523
1680.00	0.032388
1690.00	0.026563
1700.00	1.500843
1710.00	0.029425
1720.00	0.030808
1730.00	0.031622
1740.00	0.027304
1750.00	0.026894
1760.00	0.034818
1770.00	0.031869
1780.00	0.028364
1790.00	0.033641
1800.00	5.383307
1810.00	0.029267
1820.00	0.031292
1830.00	0.026602
1840.00	0.027838
1850.00	0.029158
1860.00	0.028750
1870.00	0.031411
1880.00	0.026289
1890.00	0.029248
1900.00	1.318455
1910.00	0.026548
1920.00	0.026760
1930.00	0.028964
1940.00	0.028524
1950.00	0.026341
1960.00	0.026819
1970.00	0.027161
1980.00	0.026174
1990.00	0.029547
2000.00	1.185575
2010.00	0.027218
2020.00	0.030953
2030.00	0.027262
2040.00	0.026335
2050.00	0.027306
2060.00	0.026623
2070.00	0.028343
2080.00	0.026120
2090.00	0.029518
2100.00	4.166024
2110.00	0.026200
2120.00	0.026316
2130.00	0.026107
2140.00	0.032708
2150.00	0.028686
2160.00	0.026140
2170.00	0.032319
2180.00	0.032233
2190.00	0.030867
2200.00	1.324456
2210.00	0.026627
2220.00	0.026117
2230.00	0.026190
2240.00	0.026378
2250.00	0.026484
2260.00	0.026594
2270.00	0.025934
2280.00	0.026486
2290.00	0.029169
2300.00	0.213131
2310.00	0.026599
2320.00	0.026537
2330.00	0.027116
2340.00	0.031188
2350.00	0.029539
2360.00	0.026718
2370.00	0.030845
2380.00	0.030169
2390.00	0.029087
2400.00	0.399195
2410.00	0.026233
2420.00	0.038105
2430.00	0.025721
2440.00	0.025831
2450.00	0.027251
2460.00	0.028509
2470.00	0.036225
2480.00	0.117551
2490.00	0.031114
2500.00	0.199330
2510.00	0.026439
2520.00	0.028463
2530.00	0.025598
2540.00	0.035141
2550.00	0.026982
2560.00	0.025819
2570.00	0.026301
2580.00	0.027023
2590.00	0.032088
2600.00	0.195056
2610.00	0.025641
2620.00	0.035834
2630.00	0.032161
2640.00	0.027707
2650.00	0.035229
2660.00	0.028175
2670.00	0.028371
2680.00	0.026155
2690.00	0.025714
2700.00	7.580324
2710.00	0.026052
2720.00	0.025551
2730.00	0.025784
2740.00	0.027657
2750.00	0.027699
2760.00	0.030439
2770.00	0.025543
2780.00	0.028404
2790.00	0.032770
2800.00	0.158498
2810.00	0.027590
2820.00	0.032959
2830.00	0.026080
2840.00	0.025867
2850.00	0.025340
2860.00	0.027043
2870.00	0.027686
2880.00	0.025296
2890.00	0.025480
2900.00	0.565173
2910.00	0.025254
2920.00	0.069067
2930.00	0.025180
2940.00	0.038467
2950.00	0.025928
2960.00	0.029396
2970.00	0.028000
2980.00	0.030251
2990.00	0.028413
3000.00	0.680388
3010.00	0.027900
3020.00	0.032829
3030.00	0.027624
3040.00	0.025358
3050.00	0.024948
3060.00	0.029407
3070.00	0.031619
3080.00	0.026176
3090.00	0.032210
3100.00	0.506621
3110.00	0.024906
3120.00	0.024894
3130.00	0.027752
3140.00	0.026864
3150.00	0.025399
3160.00	0.025176
3170.00	0.029753
3180.00	0.029751
3190.00	0.026230
3200.00	7.662173
3210.00	0.036927
3220.00	0.025254
3230.00	0.025364
3240.00	0.032658
3250.00	0.029811
3260.00	0.038042
3270.00	0.024991
3280.00	0.025625
3290.00	0.031813
3300.00	29.327269
3310.00	0.024831
3320.00	0.027748
3330.00	0.034589
3340.00	0.030670
3350.00	0.024520
3360.00	0.028260
3370.00	0.029981
3380.00	0.034841
3390.00	0.027522
3400.00	10.422811
3410.00	0.028823
3420.00	0.033673
3430.00	0.031203
3440.00	0.028268
3450.00	0.029282
3460.00	0.027055
3470.00	0.025289
3480.00	0.024321
3490.00	0.025224
3500.00	0.289425
3510.00	0.034154
3520.00	0.024728
3530.00	0.162349
3540.00	0.027526
3550.00	0.025383
3560.00	0.025083
3570.00	0.028463
3580.00	0.029954
3590.00	0.025769
3600.00	0.179515
3610.00	0.028003
3620.00	0.035265
3630.00	0.033173
3640.00	0.043407
3650.00	0.033569
3660.00	0.039031
3670.00	0.029200
3680.00	2131.978516
3690.00	0.025924
3700.00	0.286766
3710.00	0.032719
3720.00	0.023929
3730.00	0.041695
3740.00	0.037686
3750.00	0.023991
3760.00	0.023858
3770.00	0.027736
3780.00	0.032454
3790.00	0.026895
3800.00	0.200465
3810.00	0.051417
3820.00	0.025572
3830.00	0.026729
3840.00	0.024782
3850.00	0.026375
3860.00	0.026089
3870.00	0.023819
3880.00	0.024638
3890.00	0.024067
3900.00	0.329653
3910.00	0.027106
3920.00	0.027060
3930.00	0.023674
3940.00	0.030903
3950.00	0.025790
3960.00	0.023523
3970.00	0.032358
3980.00	0.057816
3990.00	0.031661
4000.00	0.168431
4010.00	0.023537
4020.00	0.030327
4030.00	0.044619
4040.00	0.026043
4050.00	0.042609
4060.00	0.062488
4070.00	0.025395
4080.00	0.026532
4090.00	0.031215
4100.00	0.308131
4110.00	0.025377
4120.00	3.395299
4130.00	0.028309
4140.00	0.023844
4150.00	0.037344
4160.00	0.028752
4170.00	0.025170
4180.00	0.024280
4190.00	0.023646
4200.00	0.156649
4210.00	0.023855
4220.00	0.033727
4230.00	0.023228
4240.00	0.034329
4250.00	0.031533
4260.00	0.023346
4270.00	0.168438
4280.00	0.027602
4290.00	0.036370
4300.00	0.307569
4310.00	0.029192
4320.00	0.031707
4330.00	0.024677
4340.00	0.029047
4350.00	0.024275
4360.00	0.036255
4370.00	0.027036
4380.00	0.028820
4390.00	0.025091
4400.00	21.885397
4410.00	0.030081
4420.00	0.033905
4430.00	0.030142
4440.00	0.022626
4450.00	0.023677
4460.00	0.024669
4470.00	0.025176
4480.00	0.026557
4490.00	0.029786
4500.00	10.454604
4510.00	0.022520
4520.00	0.029851
4530.00	0.033601
4540.00	0.031878
4550.00	0.031270
4560.00	0.044406
4570.00	0.027788
4580.00	0.042767
4590.00	0.030955
4600.00	14.123625
4610.00	0.027507
4620.00	0.025954
4630.00	0.024135
4640.00	0.038773
4650.00	0.024298
4660.00	0.030415
4670.00	0.032461
4680.00	0.023602
4690.00	0.032212
4700.00	0.466372
4710.00	0.029051
4720.00	0.024910
4730.00	0.027500
4740.00	0.032175
4750.00	0.031421
4760.00	0.022869
4770.00	0.030796
4780.00	0.028415
4790.00	0.021948
4800.00	0.550273
4810.00	0.024855
4820.00	0.027747
4830.00	0.023519
4840.00	0.023671
4850.00	0.039067
4860.00	0.024256
4870.00	0.024070
4880.00	0.138982
4890.00	0.026364
4900.00	0.485900
4910.00	0.023793
4920.00	0.027236
4930.00	0.027234
4940.00	0.038258
4950.00	0.035430
4960.00	0.035063
4970.00	0.022157
4980.00	0.026324
4990.00	0.025425
5000.00	0.199938
5010.00	0.025617
5020.00	0.021725
5030.00	0.027697
5040.00	0.030130
5050.00	0.021369
5060.00	0.021371
5070.00	0.021578
5080.00	0.032651
5090.00	0.034935
5100.00	54.397079
5110.00	0.026746
5120.00	0.025546
5130.00	0.036180
5140.00	0.023597
5150.00	0.026449
5160.00	0.024878
5170.00	0.035623
5180.00	0.051009
5190.00	0.035758
5200.00	0.166721
5210.00	0.028551
5220.00	0.035678
5230.00	0.032587
5240.00	0.023954
5250.00	0.039622
5260.00	0.024203
5270.00	0.021060
5280.00	0.024244
5290.00	0.028817
5300.00	0.268200
5310.00	0.020944
5320.00	0.152283
5330.00	0.029371
5340.00	0.024654
5350.00	0.021118
5360.00	0.031823
5370.00	0.044657
5380.00	0.034576
5390.00	0.039682
5400.00	0.311775
5410.00	0.021832
5420.00	0.030503
5430.00	0.022080
5440.00	0.022841
5450.00	0.041992
5460.00	0.024978
5470.00	0.024104
5480.00	0.024877
5490.00	0.021511
5500.00	0.208001
5510.00	0.025213
5520.00	0.024778
5530.00	0.039432
5540.00	0.020914
5550.00	0.023986
5560.00	0.041675
5570.00	0.021187
5580.00	0.020632
5590.00	0.021054
5600.00	1.679057
5610.00	0.039823
5620.00	0.026647
5630.00	0.023073
5640.00	0.025721
5650.00	0.028192
5660.00	0.033668
5670.00	0.028369
5680.00	0.024330
5690.00	0.039519
5700.00	7.191024
5710.00	0.021002
5720.00	0.027484
5730.00	0.035526
5740.00	0.020525
5750.00	0.022153
5760.00	0.032902
5770.00	0.031004
5780.00	0.031278
5790.00	0.030724
5800.00	1.444730
5810.00	0.042815
5820.00	0.032619
5830.00	0.031543
5840.00	0.033806
5850.00	0.026250
5860.00	0.021202
5870.00	0.022965
5880.00	0.029486
5890.00	0.023244
5900.00	1.095491
5910.00	0.020169
5920.00	0.026171
5930.00	0.023752
5940.00	0.019945
5950.00	0.025580
5960.00	0.022971
5970.00	0.021508
5980.00	0.039555
5990.00	0.019849
6000.00	3.307750
6010.00	0.039355
6020.00	0.027990
6030.00	0.037345
6040.00	0.032911
6050.00	0.025514
6060.00	0.033959
6070.00	0.032532
6080.00	0.037761
6090.00	0.037252
6100.00	1.165825
6110.00	0.023944
6120.00	0.034097
6130.00	0.028790
6140.00	0.040473
6150.00	0.019101
6160.00	0.040879
6170.00	0.019562
6180.00	0.019941
6190.00	0.051155
6200.00	0.235444
6210.00	0.030626
6220.00	0.019945
6230.00	0.020227
6240.00	0.043750
6250.00	0.031888
6260.00	0.022387
6270.00	0.035068
6280.00	0.041588
6290.00	0.019123
6300.00	0.469650
6310.00	0.038612
6320.00	0.041590
6330.00	0.019668
6340.00	0.022132
6350.00	0.034854
6360.00	0.039012
6370.00	0.032668
6380.00	0.114363
6390.00	0.030399
6400.00	0.179826
6410.00	0.049103
6420.00	0.027835
6430.00	0.026762
6440.00	0.018901
6450.00	0.023159
6460.00	0.018342
6470.00	0.019140
6480.00	0.025584
6490.00	0.037592
6500.00	0.205480
6510.00	0.036812
6520.00	0.020652
6530.00	0.030232
6540.00	0.032134
6550.00	0.030658
6560.00	0.037261
6570.00	0.025084
6580.00	0.038434
6590.00	0.028519
6600.00	4.328559
6610.00	0.027882
6620.00	0.021544
6630.00	0.031474
6640.00	0.026114
6650.00	0.025916
6660.00	0.021533
6670.00	0.028227
6680.00	0.045003
6690.00	0.017413
6700.00	0.159478
6710.00	0.030625
6720.00	0.029818
6730.00	0.028079
6740.00	0.017206
6750.00	0.021345
6760.00	0.022194
6770.00	0.024205
6780.00	0.027213
6790.00	0.020343
6800.00	0.617640
6810.00	0.017008
6820.00	0.042475
6830.00	0.026989
6840.00	0.026302
6850.00	0.025865
6860.00	0.038780
6870.00	0.033619
6880.00	0.025749
6890.00	0.029702
6900.00	0.765619
6910.00	0.022131
6920.00	0.032294
6930.00	0.029210
6940.00	0.019957
6950.00	0.020074
6960.00	0.025812
6970.00	0.024759
6980.00	0.030298
6990.00	0.022673
7000.00	0.536177
7010.00	0.028125
7020.00	0.019341
7030.00	0.025000
7040.00	0.027663
7050.00	0.030843
7060.00	0.027823
7070.00	0.032623
7080.00	0.040546
7090.00	0.032020
7100.00	6.015090
7110.00	0.024988
7120.00	0.040936
7130.00	0.023730
7140.00	0.018424
7150.00	0.022168
7160.00	0.033166
7170.00	0.030122
7180.00	0.019327
7190.00	0.030284
7200.00	61.028477
7210.00	0.026015
7220.00	0.020503
7230.00	0.051764
7240.00	0.016266
7250.00	0.025246
7260.00	0.018598
7270.00	0.024761
7280.00	0.026812
7290.00	0.022100
7300.00	7.849677
7310.00	0.019432
7320.00	0.019954
7330.00	0.020480
7340.00	0.020051
7350.00	0.018527
7360.00	0.030860
7370.00	0.029138
7380.00	0.026336
7390.00	0.023027
7400.00	0.287964
7410.00	0.031122
7420.00	0.020431
7430.00	0.015430
7440.00	0.037056
7450.00	0.023369
7460.00	0.032609
7470.00	0.016870
7480.00	0.036648
7490.00	0.020085
7500.00	0.238234
7510.00	0.030331
7520.00	0.031797
7530.00	0.035545
7540.00	0.019333
7550.00	0.032852
7560.00	0.022821
7570.00	0.019906
7580.00	17.694012
7590.00	0.028667
7600.00	0.259714
7610.00	0.033102
7620.00	0.029780
7630.00	0.033629
7640.00	0.024694
7650.00	0.028569
7660.00	0.023404
7670.00	0.024654
7680.00	0.024796
7690.00	0.019358
7700.00	0.191063
7710.00	0.020773
7720.00	0.027646
7730.00	0.025168
7740.00	0.028160
7750.00	0.029832
7760.00	0.035632
7770.00	0.014508
7780.00	0.015124
7790.00	0.029310
7800.00	0.703943
7810.00	0.024358
7820.00	0.029169
7830.00	0.035228
7840.00	0.031606
7850.00	0.037542
7860.00	0.024175
7870.00	0.025658
7880.00	0.038779
7890.00	0.018576
7900.00	0.136501
7910.00	0.025793
7920.00	0.020468
7930.00	0.025496
7940.00	0.029032
7950.00	0.021276
7960.00	0.032069
7970.00	0.029192
7980.00	0.029698
7990.00	0.027144
8000.00	0.335631
8010.00	0.033718
8020.00	1.552137
8030.00	0.040225
8040.00	0.016412
8050.00	0.037779
8060.00	0.019516
8070.00	0.025625
8080.00	0.021784
8090.00	0.016828
8100.00	0.244637
8110.00	0.022077
8120.00	0.033001
8130.00	0.040960
8140.00	0.026503
8150.00	0.028207
8160.00	0.028526
8170.00	0.068036
8180.00	0.036545
8190.00	0.036345
8200.00	0.300970
8210.00	0.022189
8220.00	0.022689
8230.00	0.028264
8240.00	0.016816
8250.00	0.013650
8260.00	0.043322
8270.00	0.028730
8280.00	0.016917
8290.00	0.037775
8300.00	36.366962
8310.00	0.015283
8320.00	0.033954
8330.00	0.028098
8340.00	0.023326
8350.00	0.024823
8360.00	0.021591
8370.00	0.025264
8380.00	0.027812
8390.00	0.037329
8400.00	6.774481
8410.00	0.036895
8420.00	0.033532
8430.00	0.018229
8440.00	0.022875
8450.00	0.033726
8460.00	0.043355
8470.00	0.017075
8480.00	0.036716
8490.00	0.030492
8500.00	20.973745
8510.00	0.031276
8520.00	0.038687
8530.00	0.037678
8540.00	0.027285
8550.00	0.026829
8560.00	0.021278
8570.00	0.022282
8580.00	0.021831
8590.00	0.033035
8600.00	0.473196
8610.00	0.029853
8620.00	0.024436
8630.00	0.030158
8640.00	0.020259
8650.00	0.029126
8660.00	0.026729
8670.00	0.031487
8680.00	0.045722
8690.00	0.014603
8700.00	0.541617
8710.00	0.026174
8720.00	0.040149
8730.00	0.045418
8740.00	0.030907
8750.00	0.021724
8760.00	0.028240
8770.00	0.024348
8780.00	0.131817
8790.00	0.030617
8800.00	0.430706
8810.00	0.017789
8820.00	0.032874
8830.00	0.014405
8840.00	0.020063
8850.00	0.030211
8860.00	0.022932
8870.00	0.023044
8880.00	0.020474
8890.00	0.021928
8900.00	0.206074
8910.00	0.034730
8920.00	0.012475
8930.00	0.014797
8940.00	0.035503
8950.00	0.032105
8960.00	0.025992
8970.00	0.054209
8980.00	0.034356
8990.00	0.043756
9000.00	1898.339111
9010.00	0.021348
9020.00	0.029431
9030.00	0.019697
9040.00	0.034968
9050.00	0.013692
9060.00	0.025790
9070.00	0.040840
9080.00	0.048261
9090.00	0.044863
9100.00	0.140939
9110.00	0.030307
9120.00	0.023277
9130.00	0.013098
9140.00	0.034028
9150.00	0.009928
9160.00	0.026158
9170.00	0.011800
9180.00	0.025237
9190.00	0.018127
9200.00	0.236800
9210.00	0.020138
9220.00	0.175654
9230.00	0.023560
9240.00	0.047734
9250.00	0.042467
9260.00	0.016302
9270.00	0.036192
9280.00	0.032677
9290.00	0.021559
9300.00	0.272468
9310.00	0.013473
9320.00	0.027415
9330.00	0.025672
9340.00	0.035073
9350.00	0.013032
9360.00	0.025853
9370.00	0.036705
9380.00	0.033201
9390.00	0.030879
9400.00	0.204524
9410.00	0.030263
9420.00	0.022915
9430.00	0.028957
9440.00	0.017602
9450.00	0.021285
9460.00	0.031878
9470.00	0.013807
9480.00	0.020289
9490.00	0.011804
9500.00	1.913191
9510.00	0.049607
9520.00	0.009225
9530.00	0.036176
9540.00	0.020502
9550.00	0.012485
9560.00	0.038855
9570.00	0.015160
9580.00	0.022476
9590.00	0.009483
9600.00	10.099701
9610.00	0.015898
9620.00	0.033444
9630.00	0.021741
9640.00	0.023682
9650.00	0.028006
9660.00	0.033922
9670.00	0.033215
9680.00	0.033792
9690.00	0.035676
9700.00	1.620362
9710.00	0.020113
9720.00	0.026215
9730.00	0.041412
9740.00	0.039706
9750.00	0.032104
9760.00	0.032146
9770.00	0.020211
9780.00	0.024446
9790.00	0.019639
9800.00	1.025942
9810.00	0.038724
9820.00	0.021097
9830.00	0.027957
9840.00	0.028203
9850.00	0.031078
9860.00	0.034771
9870.00	0.024026
9880.00	0.020490
9890.00	0.023507
9900.00	2.666177
9910.00	0.029369
9920.00	0.026208
9930.00	0.027070
9940.00	0.032303
9950.00	0.035580
9960.00	0.020581
9970.00	0.008719
9980.00	0.054089
9990.00	0.033022
10000.00	1.057454
10010.00	0.025790
10020.00	0.025666
10030.00	0.033468
10040.00	0.017063
10050.00	0.016039
10060.00	0.013643
10070.00	0.018393
10080.00	0.034233
10090.00	0.018018
10100.00	0.234701
10110.00	0.021416
10120.00	0.014499
10130.00	0.013953
10140.00	0.036269
10150.00	0.028969
10160.00	0.022322
10170.00	0.016643
10180.00	0.028747
10190.00	0.022878
10200.00	0.546567
10210.00	0.021905
10220.00	0.022718
10230.00	0.024897
10240.00	0.026079
10250.00	0.028324
10260.00	0.035979
10270.00	0.047868
10280.00	0.101854
10290.00	0.025760
10300.00	0.192207
10310.00	0.015413
10320.00	0.035783
10330.00	0.026538
10340.00	0.029122
10350.00	0.014405
10360.00	0.033811
10370.00	0.024051
10380.00	0.032746
10390.00	0.019367
10400.00	0.226298
10410.00	0.029563
10420.00	0.006512
10430.00	0.008296
10440.00	0.020539
10450.00	0.007328
10460.00	0.029365
10470.00	0.031169
10480.00	0.030787
10490.00	0.039561
10500.00	2.805037
10510.00	0.042910
10520.00	0.022278
10530.00	0.013193
10540.00	0.025271
10550.00	0.013289
10560.00	0.043976
10570.00	0.026444
10580.00	0.037188
10590.00	0.028397
10600.00	0.153532
10610.00	0.020826
10620.00	0.028195
10630.00	0.020497
10640.00	0.014016
10650.00	0.015105
10660.00	0.044359
10670.00	0.049212
10680.00	0.028152
10690.00	0.041334
10700.00	0.654979
10710.00	0.026402
10720.00	0.021461
10730.00	0.025597
10740.00	0.029718
10750.00	0.019948
10760.00	0.027866
10770.00	0.030890
10780.00	0.034728
10790.00	0.027777
10800.00	0.854280
10810.00	0.036477
10820.00	0.018156
10830.00	0.028001
10840.00	0.038516
10850.00	0.019997
10860.00	0.033431
10870.00	0.031259
10880.00	0.029830
10890.00	0.029839
10900.00	0.562336
10910.00	0.015191
10920.00	0.034706
10930.00	0.039085
10940.00	0.016197
10950.00	0.032697
10960.00	0.015825
10970.00	0.030402
10980.00	0.041488
10990.00	0.029178
11000.00	4.841538
11010.00	0.030537
11020.00	0.021201
11030.00	0.061394
11040.00	0.015688
11050.00	0.029515
11060.00	0.041312
11070.00	0.032365
11080.00	0.016736
11090.00	0.017371
11100.00	188.216537
11110.00	0.033046
11120.00	0.010828
11130.00	0.029740
11140.00	0.019042
11150.00	0.012155
11160.00	0.028782
11170.00	0.018938
11180.00	0.054089
11190.00	0.022991
11200.00	6.081872
11210.00	0.016191
11220.00	0.017770
11230.00	0.027230
11240.00	0.029767
11250.00	0.029282
11260.00	0.035216
11270.00	0.016065
11280.00	0.018413
11290.00	0.029507
11300.00	0.299028
11310.00	0.012459
11320.00	0.022757
11330.00	0.019843
11340.00	0.037955
11350.00	0.029467
11360.00	0.030644
11370.00	0.039788
11380.00	0.016545
11390.00	0.024537
11400.00	0.265877
11410.00	0.017765
11420.00	0.031085
11430.00	0.012569
11440.00	0.021782
11450.00	0.014914
11460.00	0.031926
11470.00	0.037807
11480.00	4.067995
11490.00	0.031345
11500.00	0.243949
11510.00	0.023537
11520.00	0.011516
11530.00	0.030014
11540.00	0.031970
11550.00	0.019676
11560.00	0.025202
11570.00	0.024678
11580.00	0.031052
11590.00	0.030636
11600.00	0.198310
11610.00	0.017537
11620.00	0.027356
11630.00	0.017006
11640.00	0.035623
11650.00	0.029778
11660.00	0.037713
11670.00	0.027346
11680.00	0.020094
11690.00	0.026768
11700.00	1.225446
11710.00	0.025686
11720.00	0.028267
11730.00	0.039530
11740.00	0.038142
11750.00	0.018403
11760.00	0.016703
11770.00	0.021176
11780.00	0.038204
11790.00	0.012627
11800.00	0.144671
11810.00	0.028180
11820.00	0.029304
11830.00	0.011911
11840.00	0.012033
11850.00	0.038154
11860.00	0.015055
11870.00	0.026386
11880.00	0.020253
11890.00	0.019462
11900.00	0.373538
11910.00	0.014735
11920.00	0.871399
11930.00	0.042100
11940.00	0.023323
11950.00	0.027967
11960.00	0.027693
11970.00	0.033873
11980.00	0.031901
11990.00	0.010090
12000.00	0.266815
12010.00	0.033709
12020.00	0.032913
12030.00	0.027553
12040.00	0.038414
12050.00	0.038438
12060.00	0.023066
12070.00	0.045228
12080.00	0.036230
12090.00	0.029278
12100.00	0.295337
12110.00	0.024077
12120.00	0.025910
12130.00	0.030410
12140.00	0.023079
12150.00	0.013449
12160.00	0.028575
12170.00	0.032712
12180.00	0.004622
12190.00	0.017656
12200.00	71.963142
12210.00	0.023562
12220.00	0.012614
12230.00	0.032802
12240.00	0.031860
12250.00	0.004089
12260.00	0.029084
12270.00	0.039374
12280.00	0.020819
12290.00	0.036017
12300.00	4.382465
12310.00	0.033856
12320.00	0.036870
12330.00	0.024085
12340.00	0.016760
12350.00	0.021019
12360.00	0.028670
12370.00	0.003700
12380.00	0.045656
12390.00	0.015560
12400.00	34.423622
12410.00	0.032091
12420.00	0.035684
12430.00	0.021089
12440.00	0.022835
12450.00	0.027374
12460.00	0.017696
12470.00	0.013197
12480.00	0.024260
12490.00	0.026871
12500.00	0.444501
12510.00	0.025014
12520.00	0.018040
12530.00	0.021040
12540.00	0.024626
12550.00	0.027939
12560.00	0.039225
12570.00	0.024669
12580.00	0.026735
12590.00	0.027980
12600.00	0.504737
12610.00	0.025547
12620.00	0.033533
12630.00	0.031641
12640.00	0.023769
12650.00	0.029351
12660.00	0.035076
12670.00	0.021068
12680.00	0.178437
12690.00	0.021101
12700.00	0.407914
12710.00	0.027047
12720.00	0.023857
12730.00	0.010137
12740.00	0.023264
12750.00	0.032075
12760.00	0.038523
12770.00	0.019078
12780.00	0.012384
12790.00	0.021476
12800.00	0.203116
12810.00	0.030167
12820.00	0.003355
12830.00	0.025348
12840.00	0.017990
12850.00	0.017191
12860.00	0.014879
12870.00	0.025444
12880.00	0.032933
12890.00	0.032592
12900.00	124.647850
12910.00	0.026725
12920.00	0.022966
12930.00	0.027147
12940.00	0.033272
12950.00	0.027583
12960.00	0.028574
12970.00	0.021666
12980.00	0.043626
12990.00	0.029174
13000.00	0.138972
13010.00	0.020670
13020.00	0.028268
13030.00	0.014259
13040.00	0.022489
13050.00	0.018972
13060.00	0.028031
13070.00	0.018442
13080.00	0.029240
13090.00	0.025334
13100.00	0.257280
13110.00	0.023183
13120.00	0.218933
13130.00	0.021408
13140.00	0.027449
13150.00	0.004411
13160.00	0.023926
13170.00	0.018464
13180.00	0.011572
13190.00	0.039651
13200.00	0.256604
13210.00	0.034720
13220.00	0.023153
13230.00	0.030266
13240.00	0.037357
13250.00	0.026046
13260.00	0.012877
13270.00	0.020884
13280.00	0.038340
13290.00	0.028072
13300.00	0.194378
13310.00	0.029516
13320.00	0.035068
13330.00	0.032379
13340.00	0.021672
13350.00	0.033272
13360.00	0.011941
13370.00	0.028519
13380.00	0.035415
13390.00	0.024115
13400.00	2.157759
13410.00	0.035119
13420.00	0.007434
13430.00	0.044583
13440.00	0.029529
13450.00	0.024446
13460.00	0.019814
13470.00	0.035684
13480.00	0.038136
13490.00	0.027673
13500.00	15.095193
13510.00	0.022322
13520.00	0.037466
13530.00	0.018929
13540.00	0.021550
13550.00	0.037892
13560.00	0.018845
13570.00	0.034818
13580.00	0.023877
13590.00	0.025275
13600.00	1.816855
13610.00	0.022188
13620.00	0.025083
13630.00	0.037056
13640.00	0.033899
13650.00	0.031590
13660.00	0.034237
13670.00	0.021004
13680.00	0.018073
13690.00	0.030470
13700.00	0.941518
13710.00	0.025652
13720.00	0.040074
13730.00	0.037394
13740.00	0.023357
13750.00	0.035983
13760.00	0.033859
13770.00	0.019411
13780.00	0.038785
13790.00	0.042231
13800.00	2.195871
13810.00	0.043560
13820.00	0.042531
13830.00	0.021926
13840.00	0.037600
13850.00	0.024597
13860.00	0.028050
13870.00	0.034248
13880.00	0.061845
13890.00	0.026493
13900.00	0.968753
13910.00	0.035181
13920.00	0.028427
13930.00	0.020873
13940.00	0.031469
13950.00	0.022815
13960.00	0.037284
13970.00	0.052569
13980.00	0.035108
13990.00	0.020766
14000.00	0.246949
14010.00	0.025401
14020.00	0.025038
14030.00	0.024117
14040.00	0.035581
14050.00	0.027659
14060.00	0.022832
14070.00	0.037268
14080.00	0.030560
14090.00	0.018102
14100.00	0.632215
14110.00	0.012835
14120.00	0.034324
14130.00	0.018940
14140.00	0.024402
14150.00	0.018189
14160.00	0.033296
14170.00	0.028937
14180.00	0.096407
14190.00	0.024720
14200.00	0.176546
14210.00	0.022787
14220.00	0.035823
14230.00	0.018756
14240.00	0.030025
14250.00	0.031670
14260.00	0.015196
14270.00	0.030555
14280.00	0.017805
14290.00	0.024090
14300.00	0.209038
14310.00	0.034111
14320.00	0.022193
14330.00	0.017350
14340.00	0.024101
14350.00	0.027710
14360.00	0.039446
14370.00	0.025360
14380.00	0.011628
14390.00	0.029330
14400.00	1.945563
14410.00	0.034022
14420.00	0.029335
14430.00	0.027291
14440.00	0.021018
14450.00	0.028993
14460.00	0.022478
14470.00	0.024395
14480.00	0.042969
14490.00	0.028572
14500.00	0.168359
14510.00	0.010398
14520.00	0.025806
14530.00	0.029036
14540.00	0.015304
14550.00	0.031275
14560.00	0.020117
14570.00	0.017584
14580.00	0.031139
14590.00	0.016710
14600.00	0.701742
14610.00	0.028544
14620.00	0.044569
14630.00	0.028131
14640.00	0.023308
14650.00	0.019079
14660.00	0.030782
14670.00	0.027290
14680.00	0.031871
14690.00	0.028295
14700.00	0.964879
14710.00	0.030566
14720.00	0.026522
14730.00	0.054398
14740.00	0.033220
14750.00	0.030214
14760.00	0.032991
14770.00	0.019910
14780.00	0.041316
14790.00	0.038073
14800.00	0.607346
14810.00	0.020382
14820.00	0.020318
14830.00	0.037554
14840.00	0.016038
14850.00	0.025302
14860.00	0.027842
14870.00	0.032187
14880.00	0.025312
14890.00	0.027370
14900.00	3.981646
14910.00	0.028299
14920.00	0.011364
14930.00	0.038400
14940.00	0.032020
14950.00	0.031025
14960.00	0.023566
14970.00	0.037804
14980.00	0.023012
14990.00	0.027816
15000.00	2934.776611
15010.00	0.017499
15020.00	0.031995
15030.00	0.031411
15040.00	0.029325
15050.00	0.029994
15060.00	0.023008
15070.00	0.035562
15080.00	0.036463
15090.00	0.014046
15100.00	4.867165
15110.00	0.020688
15120.00	0.016739
15130.00	0.030384
15140.00	0.035510
15150.00	0.025863
15160.00	0.024777
15170.00	0.021677
15180.00	0.017694
15190.00	0.012710
15200.00	0.287597
15210.00	0.023046
15220.00	0.024268
15230.00	0.019686
15240.00	0.031628
15250.00	0.033442
15260.00	0.027859
15270.00	0.035128
15280.00	0.024455
15290.00	0.026337
15300.00	0.262401
15310.00	0.028556
15320.00	0.028839
15330.00	0.019081
15340.00	0.035719
15350.00	0.026119
15360.00	0.031945
15370.00	0.032173
15380.00	1.767775
15390.00	0.033736
15400.00	0.250096
15410.00	0.022747
15420.00	0.020297
15430.00	0.027137
15440.00	0.026564
15450.00	0.036160
15460.00	0.026329
15470.00	0.017990
15480.00	0.025940
15490.00	0.031636
15500.00	0.191642
15510.00	0.030715
15520.00	0.014908
15530.00	0.018818
15540.00	0.026997
15550.00	0.032765
15560.00	0.028312
15570.00	0.025982
15580.00	0.030101
15590.00	0.023768
15600.00	1.929772
15610.00	0.025091
15620.00	0.037866
15630.00	0.025600
15640.00	0.032703
15650.00	0.017205
15660.00	0.032530
15670.00	0.026184
15680.00	0.045040
15690.00	0.022492
15700.00	0.148481
15710.00	0.036563
15720.00	0.033915
15730.00	0.025983
15740.00	0.025784
15750.00	0.032722
15760.00	0.034427
15770.00	0.032230
15780.00	0.028158
15790.00	0.031225
15800.00	0.388826
15810.00	0.032252
15820.00	0.553692
15830.00	0.026025
15840.00	0.035048
15850.00	0.034287
15860.00	0.026734
15870.00	0.022179
15880.00	0.031491
15890.00	0.020458
15900.00	0.288880
15910.00	0.021240
15920.00	0.029221
15930.00	0.039470
15940.00	0.025175
15950.00	0.026682
15960.00	0.027793
15970.00	0.031623
15980.00	0.027859
15990.00	0.030950
16000.00	0.306215
16010.00	0.023336
16020.00	0.020563
16030.00	0.031840
16040.00	0.015519
16050.00	0.029107
16060.00	0.023271
16070.00	0.024034
16080.00	0.032952
16090.00	0.036699
16100.00	204.898529
16110.00	0.033443
16120.00	0.016871
16130.00	0.033100
16140.00	0.030355
16150.00	0.025926
16160.00	0.031898
16170.00	0.031417
16180.00	0.022266
16190.00	0.025143
16200.00	2.641735
16210.00	0.032659
16220.00	0.033270
16230.00	0.030463
16240.00	0.035137
16250.00	0.034610
16260.00	0.032220
16270.00	0.022862
16280.00	0.029119
16290.00	0.033499
16300.00	66.760056
16310.00	0.024465
16320.00	0.025380
16330.00	0.021793
16340.00	0.026914
16350.00	0.033548
16360.00	0.026247
16370.00	0.034039
16380.00	0.022942
16390.00	0.034607
16400.00	0.426219
16410.00	0.015574
16420.00	0.023654
16430.00	0.029322
16440.00	0.027672
16450.00	0.033804
16460.00	0.021054
16470.00	0.027707
16480.00	0.019601
16490.00	0.017209
16500.00	0.450196
16510.00	0.021878
16520.00	0.026007
16530.00	0.031611
16540.00	0.020817
16550.00	0.030490
16560.00	0.028466
16570.00	0.025039
16580.00	0.202967
16590.00	0.031939
16600.00	0.388061
16610.00	0.032495
16620.00	0.033313
16630.00	0.017781
16640.00	0.024503
16650.00	0.024048
16660.00	0.030356
16670.00	0.030996
16680.00	0.035393
16690.00	0.024189
16700.00	0.192883
16710.00	0.027681
16720.00	0.020959
16730.00	0.035401
16740.00	0.038071
16750.00	0.027051
16760.00	0.027756
16770.00	0.040016
16780.00	0.035588
16790.00	0.027456
16800.00	24.300129
16810.00	0.028242
16820.00	0.029508
16830.00	0.039441
16840.00	0.030259
16850.00	0.025869
16860.00	0.033198
16870.00	0.031283
16880.00	0.050530
16890.00	0.021981
16900.00	0.147424
16910.00	0.037554
16920.00	0.027857
16930.00	0.017475
16940.00	0.038021
16950.00	0.026296
16960.00	0.033383
16970.00	0.024105
16980.00	0.031565
16990.00	0.017229
17000.00	0.266553
17010.00	0.026746
17020.00	0.302556
17030.00	0.029572
17040.00	0.030126
17050.00	0.021555
17060.00	0.021328
17070.00	0.028470
17080.00	0.020630
17090.00	0.031642
17100.00	0.231792
17110.00	0.026004
17120.00	0.020378
17130.00	0.026141
17140.00	0.023107
17150.00	0.020521
17160.00	0.024664
17170.00	0.023893
17180.00	0.028646
17190.00	0.031158
17200.00	0.221362
17210.00	0.027237
17220.00	0.025898
17230.00	0.028002
17240.00	0.025609
17250.00	0.025792
17260.00	0.025241
17270.00	0.027264
17280.00	0.023176
17290.00	0.024427
17300.00	2.485019
17310.00	0.023199
17320.00	0.017787
17330.00	0.019175
17340.00	0.024517
17350.00	0.025811
17360.00	0.023838
17370.00	0.032923
17380.00	0.029202
17390.00	0.024936
17400.00	24.758091
17410.00	0.031643
17420.00	0.035292
17430.00	0.023328
17440.00	0.030408
17450.00	0.023616
17460.00	0.021557
17470.00	0.035794
17480.00	0.034099
17490.00	0.023341
17500.00	2.086174
17510.00	0.033543
17520.00	0.029828
17530.00	0.030273
17540.00	0.040961
17550.00	0.021549
17560.00	0.022525
17570.00	0.022738
17580.00	0.029906
17590.00	0.031889
17600.00	0.871648
17610.00	0.036308
17620.00	0.026556
17630.00	0.033968
17640.00	0.027619
17650.00	0.032238
17660.00	0.030688
17670.00	0.026938
17680.00	0.026496
17690.00	0.022842
17700.00	1.847758
17710.00	0.024878
17720.00	0.029506
17730.00	0.026787
17740.00	0.027306
17750.00	0.027969
17760.00	0.029239
17770.00	0.026574
17780.00	0.049946
17790.00	0.028929
17800.00	0.900894
17810.00	0.019527
17820.00	0.022323
17830.00	0.028124
17840.00	0.030372
17850.00	0.019410
17860.00	0.023371
17870.00	0.025835
17880.00	0.026556
17890.00	0.029932
17900.00	0.218145
17910.00	0.018924
17920.00	0.026478
17930.00	0.028538
17940.00	0.025204
17950.00	0.027993
17960.00	0.029827
17970.00	0.038833
17980.00	0.035323
17990.00	0.034836
18000.00	0.738607
18010.00	0.022733
18020.00	0.020213
18030.00	0.025772
18040.00	0.036611
18050.00	0.025834
18060.00	0.021968
18070.00	0.030141
18080.00	0.086492
18090.00	0.044155
18100.00	0.179703
18110.00	0.022899
18120.00	0.023880
18130.00	0.029201
18140.00	0.028160
18150.00	0.031428
18160.00	0.019812
18170.00	0.026246
18180.00	0.027372
18190.00	0.022530
18200.00	0.207235
18210.00	0.030118
18220.00	0.033489
18230.00	0.027791
18240.00	0.028780
18250.00	0.022366
18260.00	0.027256
18270.00	0.025632
18280.00	0.020780
18290.00	0.025233
18300.00	1.448379
18310.00	0.034214
18320.00	0.034425
18330.00	0.033875
18340.00	0.024278
18350.00	0.026337
18360.00	0.022540
18370.00	0.029080
18380.00	0.030556
18390.00	0.027873
18400.00	0.167935
18410.00	0.023600
18420.00	0.028564
18430.00	0.029270
18440.00	0.030483
18450.00	0.036182
18460.00	0.023689
18470.00	0.021709
18480.00	0.025694
18490.00	0.030591
18500.00	0.757167
18510.00	0.025787
18520.00	0.033760
18530.00	0.028668
18540.00	0.025646
18550.00	0.042065
18560.00	0.024460
18570.00	0.030671
18580.00	0.022811
18590.00	0.023537
18600.00	1.126622
18610.00	0.027625
18620.00	0.030433
18630.00	0.022502
18640.00	0.026978
18650.00	0.025529
18660.00	0.023775
18670.00	0.031444
18680.00	0.036136
18690.00	0.027999
18700.00	0.658857
18710.00	0.023655
18720.00	0.023772
18730.00	0.027757
18740.00	0.026089
18750.00	0.023548
18760.00	0.022401
18770.00	0.026365
18780.00	0.022560
18790.00	0.023283
18800.00	3.327880
18810.00	0.025411
18820.00	0.022468
18830.00	0.034157
18840.00	0.024404
18850.00	0.029739
18860.00	0.034082
18870.00	0.032471
18880.00	0.028157
18890.00	0.030400
18900.00	779.267212
18910.00	0.023366
18920.00	0.042967
18930.00	0.026766
18940.00	0.028828
18950.00	0.026308
18960.00	0.030454
18970.00	0.039655
18980.00	0.037624
18990.00	0.026551
19000.00	3.999922
19010.00	0.021556
19020.00	0.022372
19030.00	0.021638
19040.00	0.027099
19050.00	0.023604
19060.00	0.031257
19070.00	0.031359
19080.00	0.024419
19090.00	0.023263
19100.00	0.260483
19110.00	0.022266
19120.00	0.021789
19130.00	0.023098
19140.00	0.033728
19150.00	0.031741
19160.00	0.037378
19170.00	0.026948
19180.00	0.028416
19190.00	0.024727
19200.00	0.260413
19210.00	0.024608
19220.00	0.039738
19230.00	0.025423
19240.00	0.033927
19250.00	0.025805
19260.00	0.025267
19270.00	0.030473
19280.00	0.983693
19290.00	0.023571
19300.00	0.258311
19310.00	0.025122
19320.00	0.025287
19330.00	0.026261
19340.00	0.022794
19350.00	0.029173
19360.00	0.024113
19370.00	0.023000
19380.00	0.024559
19390.00	0.037393
19400.00	0.180399
19410.00	0.024992
19420.00	0.022816
19430.00	0.025504
19440.00	0.023818
19450.00	0.031521
19460.00	0.025519
19470.00	0.027629
19480.00	0.030693
19490.00	0.025853
19500.00	3.085910
19510.00	0.028340
19520.00	0.038845
19530.00	0.031789
19540.00	0.034811
19550.00	0.028760
19560.00	0.025518
19570.00	0.026020
19580.00	0.038826
19590.00	0.033961
19600.00	0.161080
19610.00	0.035860
19620.00	0.041662
19630.00	0.028236
19640.00	0.033721
19650.00	0.028118
19660.00	0.025948
19670.00	0.032001
19680.00	0.032274
19690.00	0.025977
19700.00	0.386984
19710.00	0.024429
19720.00	0.399532
19730.00	0.037113
19740.00	0.026838
19750.00	0.029767
19760.00	0.026432
19770.00	0.032607
19780.00	0.024658
19790.00	0.027418
19800.00	0.317122
19810.00	0.023186
19820.00	0.026714
19830.00	0.030204
19840.00	0.024813
19850.00	0.023226
19860.00	0.029805
19870.00	0.038327
19880.00	0.031471
19890.00	0.030058
19900.00	0.341908
19910.00	0.025301
19920.00	0.025211
19930.00	0.028658
19940.00	0.031382
19950.00	0.030679
19960.00	0.027702
19970.00	0.024459
19980.00	0.028263
19990.00	0.029909
20000.00	2103.862061

======================================================================
FILTERED FFT DATA (freq_hz, amplitude) — positive freqs <= 20 kHz
======================================================================
0.00	53.512665
10.00	1339.627563
20.00	1127.067993
30.00	6760.002441
40.00	468.392365
50.00	996.382751
60.00	466.787506
70.00	184.133728
80.00	112.004478
90.00	306.092560
100.00	237.951096
110.00	400.032471
120.00	243.137955
130.00	1620.687134
140.00	246.376694
150.00	32.389328
160.00	583.807678
170.00	215.267807
180.00	724.911743
190.00	197.910431
200.00	888.267944
210.00	1123.209351
220.00	813.135132
230.00	1780.796997
240.00	501.582825
250.00	1269.394287
260.00	189.339844
270.00	928.752258
280.00	465.778442
290.00	118.005280
300.00	207.081268
310.00	105.188004
320.00	134.361130
330.00	91.210579
340.00	226.054565
350.00	154.844986
360.00	294.685852
370.00	195.665726
380.00	63.616623
390.00	85.887611
400.00	72.765358
410.00	383.121735
420.00	207.378708
430.00	895.670776
440.00	236.706451
450.00	703.597839
460.00	969.310425
470.00	1020.270874
480.00	1134.561035
490.00	295.720947
500.00	54.582027
510.00	287.389465
520.00	94.440521
530.00	18.222803
540.00	69.096161
550.00	55.455235
560.00	653.097473
570.00	103.578239
580.00	204.614532
590.00	99.473869
600.00	19.114874
610.00	7.349475
620.00	52.215374
630.00	244.623489
640.00	163.555588
650.00	183.001755
660.00	220.074158
670.00	249.231628
680.00	366.726013
690.00	2431.639404
700.00	312.404938
710.00	130.055695
720.00	235.310654
730.00	113.954468
740.00	163.084274
750.00	93.048264
760.00	15.285255
770.00	23.297419
780.00	70.203850
790.00	198.605408
800.00	258.204041
810.00	86.045227
820.00	77.054062
830.00	14.543656
840.00	31.050404
850.00	413.089722
860.00	190.368073
870.00	76.695839
880.00	96.551674
890.00	212.823074
900.00	474.666687
910.00	220.229538
920.00	396.217102
930.00	378.104797
940.00	236.024704
950.00	122.998894
960.00	89.079247
970.00	30.572027
980.00	21.977407
990.00	5.211225
1000.00	81.473534
1010.00	54.516533
1020.00	51.174702
1030.00	23.357487
1040.00	31.235769
1050.00	20.128742
1060.00	9.707408
1070.00	37.753853
1080.00	67.616524
1090.00	205.044449
1100.00	301.219971
1110.00	224.187378
1120.00	495.440033
1130.00	411.080017
1140.00	253.578598
1150.00	129.817307
1160.00	91.102669
1170.00	167.473831
1180.00	60.410526
1190.00	112.579857
1200.00	103.624092
1210.00	24.227848
1220.00	30.942326
1230.00	111.527840
1240.00	13.026565
1250.00	31.398327
1260.00	33.876343
1270.00	43.044197
1280.00	32.561878
1290.00	35.512951
1300.00	46.756683
1310.00	172.404739
1320.00	220.482254
1330.00	158.480865
1340.00	89.878242
1350.00	247.914474
1360.00	148.930832
1370.00	74.150368
1380.00	154.209091
1390.00	389.820374
1400.00	181.956039
1410.00	105.612259
1420.00	84.090210
1430.00	22.572021
1440.00	19.286903
1450.00	9.240837
1460.00	81.522263
1470.00	19.015175
1480.00	40.063179
1490.00	61.909409
1500.00	90.788460
1510.00	86.396545
1520.00	21.353376
1530.00	105.722694
1540.00	25.006975
1550.00	162.805908
1560.00	267.170563
1570.00	50.157730
1580.00	153.251984
1590.00	603.852966
1600.00	251.732880
1610.00	355.837738
1620.00	238.852753
1630.00	150.481171
1640.00	190.192413
1650.00	213.110123
1660.00	56.383530
1670.00	15.632635
1680.00	69.003204
1690.00	74.984657
1700.00	134.066818
1710.00	45.465504
1720.00	75.008675
1730.00	74.113029
1740.00	16.340528
1750.00	54.819481
1760.00	130.405167
1770.00	13.324444
1780.00	226.592072
1790.00	251.019485
1800.00	13.468164
1810.00	160.518173
1820.00	52.646770
1830.00	100.465988
1840.00	287.082977
1850.00	156.751602
1860.00	164.212906
1870.00	140.269791
1880.00	98.465492
1890.00	49.964970
1900.00	26.773214
1910.00	34.348797
1920.00	38.444355
1930.00	202.865128
1940.00	97.556923
1950.00	27.593925
1960.00	105.949562
1970.00	12.024885
1980.00	59.393402
1990.00	18.513910
2000.00	85.057236
2010.00	151.183441
2020.00	324.558350
2030.00	95.904541
2040.00	356.791290
2050.00	205.695587
2060.00	152.469162
2070.00	60.972992
2080.00	95.939896
2090.00	124.632950
2100.00	97.607719
2110.00	40.431747
2120.00	2.886566
2130.00	15.119028
2140.00	68.710297
2150.00	23.846449
2160.00	97.914513
2170.00	41.295162
2180.00	31.089207
2190.00	16.430603
2200.00	13.439935
2210.00	102.568336
2220.00	126.062675
2230.00	111.822220
2240.00	95.940987
2250.00	203.961075
2260.00	289.116028
2270.00	97.455429
2280.00	140.434570
2290.00	346.982086
2300.00	162.089020
2310.00	305.856201
2320.00	164.195923
2330.00	91.048302
2340.00	28.259708
2350.00	9.564643
2360.00	25.767694
2370.00	25.354671
2380.00	57.664013
2390.00	41.494434
2400.00	99.198936
2410.00	32.023357
2420.00	32.969334
2430.00	14.395413
2440.00	94.211395
2450.00	120.733673
2460.00	13.657881
2470.00	239.567642
2480.00	50.457077
2490.00	126.373474
2500.00	334.613220
2510.00	210.565384
2520.00	35.650017
2530.00	218.559830
2540.00	166.684372
2550.00	139.322189
2560.00	56.407360
2570.00	26.215366
2580.00	10.776987
2590.00	27.224991
2600.00	44.045326
2610.00	25.060633
2620.00	44.458630
2630.00	101.540070
2640.00	93.799805
2650.00	31.958065
2660.00	2.916096
2670.00	64.676811
2680.00	70.337326
2690.00	196.946686
2700.00	246.320740
2710.00	248.813629
2720.00	131.849564
2730.00	260.854614
2740.00	143.039490
2750.00	134.995483
2760.00	298.375244
2770.00	100.684700
2780.00	78.479424
2790.00	113.790901
2800.00	28.640541
2810.00	12.844232
2820.00	28.204617
2830.00	97.147011
2840.00	64.075310
2850.00	66.903145
2860.00	41.791752
2870.00	43.284752
2880.00	4.757019
2890.00	47.337486
2900.00	90.522911
2910.00	100.281776
2920.00	283.961029
2930.00	77.871765
2940.00	173.754715
2950.00	173.125824
2960.00	365.225800
2970.00	234.985428
2980.00	43.241245
2990.00	67.217857
3000.00	71.083183
3010.00	98.581764
3020.00	14.730516
3030.00	15.951820
3040.00	5.643709
3050.00	60.095470
3060.00	100.193542
3070.00	104.227173
3080.00	39.474503
3090.00	68.746132
3100.00	29.852716
3110.00	4.034130
3120.00	53.397255
3130.00	10.407039
3140.00	68.083107
3150.00	416.162964
3160.00	104.096031
3170.00	69.346336
3180.00	422.725739
3190.00	250.466721
3200.00	440.569092
3210.00	150.693558
3220.00	158.255508
3230.00	213.145996
3240.00	114.201141
3250.00	59.814419
3260.00	10.208501
3270.00	49.148506
3280.00	24.032419
3290.00	47.708565
3300.00	18.453091
3310.00	35.878994
3320.00	79.110313
3330.00	14.166103
3340.00	20.067059
3350.00	49.956791
3360.00	72.531258
3370.00	256.135498
3380.00	194.146622
3390.00	241.203751
3400.00	78.639763
3410.00	263.303864
3420.00	232.182770
3430.00	273.991394
3440.00	213.196991
3450.00	106.304695
3460.00	156.229706
3470.00	40.348667
3480.00	33.943233
3490.00	18.748571
3500.00	38.635242
3510.00	1.842065
3520.00	54.382572
3530.00	92.569565
3540.00	27.258425
3550.00	31.924591
3560.00	1.366103
3570.00	23.498821
3580.00	79.398254
3590.00	117.742416
3600.00	165.131012
3610.00	70.380554
3620.00	234.784149
3630.00	218.464294
3640.00	243.648407
3650.00	239.264481
3660.00	383.129456
3670.00	313.606903
3680.00	244.797073
3690.00	54.404209
3700.00	62.421478
3710.00	13.321638
3720.00	7.638864
3730.00	86.771965
3740.00	21.526411
3750.00	207.125168
3760.00	54.001240
3770.00	47.177681
3780.00	63.001472
3790.00	6.511261
3800.00	29.786055
3810.00	55.632362
3820.00	227.798035
3830.00	145.795563
3840.00	154.162903
3850.00	81.019981
3860.00	99.473747
3870.00	209.073212
3880.00	255.756729
3890.00	106.422043
3900.00	167.896622
3910.00	169.840790
3920.00	142.290604
3930.00	49.181583
3940.00	18.904291
3950.00	24.803802
3960.00	15.866715
3970.00	58.762432
3980.00	110.501991
3990.00	84.396446
4000.00	39.044598
4010.00	29.818308
4020.00	11.108331
4030.00	58.473541
4040.00	141.081955
4050.00	89.163933
4060.00	113.313988
4070.00	339.838776
4080.00	219.012955
4090.00	72.734596
4100.00	127.125473
4110.00	130.899139
4120.00	134.177582
4130.00	235.446045
4140.00	143.670181
4150.00	73.767975
4160.00	38.136284
4170.00	9.083858
4180.00	39.811138
4190.00	49.412117
4200.00	13.054130
4210.00	67.604439
4220.00	49.390831
4230.00	77.215416
4240.00	16.660648
4250.00	3.279620
4260.00	28.035654
4270.00	54.167824
4280.00	146.158005
4290.00	116.512161
4300.00	95.658722
4310.00	61.110413
4320.00	390.760956
4330.00	188.202332
4340.00	269.198334
4350.00	120.876572
4360.00	238.317078
4370.00	90.839981
4380.00	61.121544
4390.00	75.408585
4400.00	8.356141
4410.00	16.411945
4420.00	42.761208
4430.00	17.815176
4440.00	87.762566
4450.00	49.263889
4460.00	23.664549
4470.00	21.941820
4480.00	19.950674
4490.00	46.542747
4500.00	67.941048
4510.00	100.263298
4520.00	230.043533
4530.00	141.132538
4540.00	197.638687
4550.00	233.814789
4560.00	216.243393
4570.00	335.831635
4580.00	170.627853
4590.00	155.746902
4600.00	41.703045
4610.00	51.309509
4620.00	31.504898
4630.00	2.623352
4640.00	37.863361
4650.00	42.954849
4660.00	98.163681
4670.00	23.957054
4680.00	19.403936
4690.00	48.647167
4700.00	17.533882
4710.00	21.249203
4720.00	34.478653
4730.00	121.571281
4740.00	80.036995
4750.00	35.191940
4760.00	326.382263
4770.00	395.385040
4780.00	175.542557
4790.00	135.849304
4800.00	164.957214
4810.00	247.670944
4820.00	34.071251
4830.00	93.470131
4840.00	43.415550
4850.00	12.708723
4860.00	13.834566
4870.00	85.069885
4880.00	59.780235
4890.00	52.059357
4900.00	91.221672
4910.00	28.891836
4920.00	34.608711
4930.00	12.144868
4940.00	35.746525
4950.00	155.348175
4960.00	162.722183
4970.00	80.955696
4980.00	181.390732
4990.00	40.939362
5000.00	209.694992
5010.00	254.648087
5020.00	80.268700
5030.00	159.861816
5040.00	221.416580
5050.00	353.768860
5060.00	25.476007
5070.00	83.348129
5080.00	5.141715
5090.00	69.241821
5100.00	29.826483
5110.00	10.394393
5120.00	84.297424
5130.00	82.568977
5140.00	45.947372
5150.00	50.042236
5160.00	12.975149
5170.00	87.188667
5180.00	187.014648
5190.00	153.277313
5200.00	64.478561
5210.00	66.395729
5220.00	155.263031
5230.00	421.273132
5240.00	192.582077
5250.00	213.848816
5260.00	398.358582
5270.00	240.408310
5280.00	54.042801
5290.00	35.225975
5300.00	62.383389
5310.00	9.591893
5320.00	28.818899
5330.00	45.082947
5340.00	104.086601
5350.00	35.808662
5360.00	9.447321
5370.00	39.771450
5380.00	20.665621
5390.00	32.941677
5400.00	69.302124
5410.00	163.919739
5420.00	91.125343
5430.00	141.370560
5440.00	122.165405
5450.00	186.667908
5460.00	392.287506
5470.00	267.278076
5480.00	88.096596
5490.00	68.932243
5500.00	31.191998
5510.00	57.459347
5520.00	78.086899
5530.00	36.701767
5540.00	14.744152
5550.00	74.324982
5560.00	63.465038
5570.00	42.296303
5580.00	22.119860
5590.00	16.991486
5600.00	27.245966
5610.00	2.105200
5620.00	24.457636
5630.00	67.526741
5640.00	130.665314
5650.00	273.027679
5660.00	186.410202
5670.00	208.339325
5680.00	347.778290
5690.00	74.133064
5700.00	340.773926
5710.00	194.864182
5720.00	182.028290
5730.00	120.668999
5740.00	42.367332
5750.00	71.423195
5760.00	13.905449
5770.00	26.315372
5780.00	19.097137
5790.00	133.097336
5800.00	42.371799
5810.00	26.336691
5820.00	31.851768
5830.00	14.908635
5840.00	7.010345
5850.00	48.720554
5860.00	46.434475
5870.00	153.452011
5880.00	84.431541
5890.00	102.135101
5900.00	30.748890
5910.00	323.053131
5920.00	261.247925
5930.00	260.515869
5940.00	162.213760
5950.00	82.812660
5960.00	220.697327
5970.00	111.842300
5980.00	86.311638
5990.00	3.329834
6000.00	21.620152
6010.00	6.843956
6020.00	87.295387
6030.00	59.143932
6040.00	147.356918
6050.00	93.232094
6060.00	37.088295
6070.00	25.079693
6080.00	97.031059
6090.00	82.484428
6100.00	179.414032
6110.00	206.963196
6120.00	316.056335
6130.00	82.000687
6140.00	181.124817
6150.00	93.022652
6160.00	204.660965
6170.00	125.958847
6180.00	88.027206
6190.00	88.795990
6200.00	66.570854
6210.00	28.892254
6220.00	15.006943
6230.00	29.560625
6240.00	79.948868
6250.00	61.675869
6260.00	59.221020
6270.00	27.891794
6280.00	49.320011
6290.00	5.877253
6300.00	23.284534
6310.00	93.293045
6320.00	168.550186
6330.00	67.804703
6340.00	86.599800
6350.00	303.353455
6360.00	309.292145
6370.00	232.519989
6380.00	47.051922
6390.00	466.126160
6400.00	196.003906
6410.00	98.958275
6420.00	49.098320
6430.00	69.738335
6440.00	19.656755
6450.00	1.545340
6460.00	70.075623
6470.00	35.345539
6480.00	78.057587
6490.00	33.356537
6500.00	76.419754
6510.00	26.847395
6520.00	8.569801
6530.00	39.543995
6540.00	37.493401
6550.00	108.546425
6560.00	127.365242
6570.00	101.179214
6580.00	115.725197
6590.00	273.501038
6600.00	53.437881
6610.00	283.593048
6620.00	339.901581
6630.00	23.059607
6640.00	80.981812
6650.00	76.773796
6660.00	45.047161
6670.00	11.314655
6680.00	6.644513
6690.00	32.050507
6700.00	81.910942
6710.00	45.849407
6720.00	45.922844
6730.00	110.344788
6740.00	28.469740
6750.00	10.112864
6760.00	77.900513
6770.00	114.903603
6780.00	85.168419
6790.00	42.274799
6800.00	265.097931
6810.00	59.887535
6820.00	170.132690
6830.00	156.009750
6840.00	233.019211
6850.00	73.263588
6860.00	34.617134
6870.00	9.838027
6880.00	78.323349
6890.00	44.087151
6900.00	11.400149
6910.00	15.028813
6920.00	30.066492
6930.00	55.663990
6940.00	50.065994
6950.00	32.369347
6960.00	25.674414
6970.00	9.715845
6980.00	11.450084
6990.00	10.397022
7000.00	206.928528
7010.00	248.511963
7020.00	227.593246
7030.00	118.976883
7040.00	149.512802
7050.00	421.784302
7060.00	153.279770
7070.00	34.676682
7080.00	54.758778
7090.00	181.583527
7100.00	98.674622
7110.00	67.833855
7120.00	17.217327
7130.00	15.119856
7140.00	38.557674
7150.00	15.489958
7160.00	34.799664
7170.00	26.068666
7180.00	55.678322
7190.00	37.061798
7200.00	8.623636
7210.00	25.898987
7220.00	22.929955
7230.00	47.448326
7240.00	70.755119
7250.00	282.390961
7260.00	87.857254
7270.00	140.262512
7280.00	161.330215
7290.00	68.546997
7300.00	73.597641
7310.00	112.355713
7320.00	236.405853
7330.00	90.210686
7340.00	95.575974
7350.00	47.996658
7360.00	13.214654
7370.00	51.709358
7380.00	23.985229
7390.00	51.910549
7400.00	105.447693
7410.00	74.454124
7420.00	15.527865
7430.00	12.812171
7440.00	31.840542
7450.00	126.426102
7460.00	63.274708
7470.00	77.616455
7480.00	35.001930
7490.00	146.167755
7500.00	252.607117
7510.00	241.653763
7520.00	247.103729
7530.00	123.484123
7540.00	147.588730
7550.00	193.144501
7560.00	85.086502
7570.00	59.751965
7580.00	10.438748
7590.00	15.637164
7600.00	10.406416
7610.00	12.229425
7620.00	59.531776
7630.00	66.210808
7640.00	93.117035
7650.00	72.448288
7660.00	8.389091
7670.00	12.057933
7680.00	72.150238
7690.00	163.870605
7700.00	253.622208
7710.00	297.434265
7720.00	89.541756
7730.00	281.404694
7740.00	240.416138
7750.00	251.138641
7760.00	272.394043
7770.00	168.847885
7780.00	87.178177
7790.00	29.660578
7800.00	16.136765
7810.00	6.831734
7820.00	28.733179
7830.00	42.549267
7840.00	104.175201
7850.00	26.568138
7860.00	77.410873
7870.00	60.527195
7880.00	9.282275
7890.00	19.143721
7900.00	67.805260
7910.00	119.500893
7920.00	225.629959
7930.00	405.125610
7940.00	152.867310
7950.00	65.904778
7960.00	213.810181
7970.00	264.567566
7980.00	139.302338
7990.00	244.973724
8000.00	182.294846
8010.00	108.389297
8020.00	95.602211
8030.00	45.130634
8040.00	21.041191
8050.00	36.983650
8060.00	83.842560
8070.00	106.104965
8080.00	60.616718
8090.00	65.606438
8100.00	38.311062
8110.00	12.923526
8120.00	52.188099
8130.00	102.819969
8140.00	135.888046
8150.00	126.699951
8160.00	161.301910
8170.00	315.273834
8180.00	354.315552
8190.00	469.157379
8200.00	111.139725
8210.00	300.615356
8220.00	284.234192
8230.00	181.735748
8240.00	79.821899
8250.00	58.255875
8260.00	12.786026
8270.00	10.894399
8280.00	43.477268
8290.00	54.395420
8300.00	102.186096
8310.00	34.324341
8320.00	45.716396
8330.00	37.844410
8340.00	6.176185
8350.00	15.978354
8360.00	45.068417
8370.00	82.674377
8380.00	115.822441
8390.00	184.668671
8400.00	332.261780
8410.00	156.655228
8420.00	383.765350
8430.00	405.478394
8440.00	83.026428
8450.00	287.502319
8460.00	117.076073
8470.00	180.953827
8480.00	58.889771
8490.00	23.937759
8500.00	19.951530
8510.00	73.502289
8520.00	77.184471
8530.00	77.825058
8540.00	76.999931
8550.00	72.426598
8560.00	20.818514
8570.00	16.386765
8580.00	35.112766
8590.00	45.489597
8600.00	79.569283
8610.00	231.955704
8620.00	231.337921
8630.00	288.562744
8640.00	292.387238
8650.00	92.653931
8660.00	222.223679
8670.00	316.197083
8680.00	162.357101
8690.00	155.435516
8700.00	66.604698
8710.00	9.727125
8720.00	16.413040
8730.00	15.614021
8740.00	68.486382
8750.00	36.935707
8760.00	84.788429
8770.00	128.669968
8780.00	84.310677
8790.00	25.893972
8800.00	28.244925
8810.00	15.896373
8820.00	99.261307
8830.00	78.477753
8840.00	48.810936
8850.00	150.867798
8860.00	271.381561
8870.00	181.000549
8880.00	205.706833
8890.00	145.283264
8900.00	178.302551
8910.00	15.586999
8920.00	124.407310
8930.00	56.525959
8940.00	17.979908
8950.00	17.601242
8960.00	31.422449
8970.00	60.416592
8980.00	79.865265
8990.00	154.357376
9000.00	98.294235
9010.00	32.763790
9020.00	27.974133
9030.00	51.160305
9040.00	76.570641
9050.00	195.438538
9060.00	157.586731
9070.00	207.094055
9080.00	125.571373
9090.00	55.360897
9100.00	92.932785
9110.00	102.496719
9120.00	148.409622
9130.00	141.671219
9140.00	247.401245
9150.00	108.959770
9160.00	46.149532
9170.00	33.726273
9180.00	31.608206
9190.00	7.553713
9200.00	47.399651
9210.00	96.611946
9220.00	40.915554
9230.00	57.214878
9240.00	62.969707
9250.00	4.052757
9260.00	36.066303
9270.00	84.506584
9280.00	21.508083
9290.00	98.044807
9300.00	79.470345
9310.00	314.179474
9320.00	166.627762
9330.00	163.897125
9340.00	231.663879
9350.00	146.267639
9360.00	48.348869
9370.00	64.725914
9380.00	57.699741
9390.00	38.646290
9400.00	7.265401
9410.00	22.780743
9420.00	44.635227
9430.00	46.198715
9440.00	64.077240
9450.00	40.953800
9460.00	59.678833
9470.00	50.060154
9480.00	4.386028
9490.00	19.744413
9500.00	88.087234
9510.00	154.569870
9520.00	51.688011
9530.00	118.477081
9540.00	104.863655
9550.00	218.878464
9560.00	308.879791
9570.00	290.622192
9580.00	133.242996
9590.00	132.010849
9600.00	58.355652
9610.00	77.952797
9620.00	27.010225
9630.00	6.457428
9640.00	45.644974
9650.00	80.825577
9660.00	31.090818
9670.00	69.318787
9680.00	72.141899
9690.00	23.790174
9700.00	38.655922
9710.00	7.982258
9720.00	57.470261
9730.00	141.050171
9740.00	78.786400
9750.00	76.280113
9760.00	92.438492
9770.00	46.595963
9780.00	167.102615
9790.00	267.734161
9800.00	316.901245
9810.00	75.768852
9820.00	46.709042
9830.00	69.405624
9840.00	37.687309
9850.00	32.118126
9860.00	1.059351
9870.00	53.347717
9880.00	38.251595
9890.00	132.959732
9900.00	121.374443
9910.00	40.092609
9920.00	38.109489
9930.00	23.760143
9940.00	17.779799
9950.00	120.816696
9960.00	53.330875
9970.00	104.081238
9980.00	143.649277
9990.00	292.893890
10000.00	62.540741
10010.00	147.767258
10020.00	148.692383
10030.00	310.675934
10040.00	306.469971
10050.00	34.194859
10060.00	275.401337
10070.00	82.924034
10080.00	18.004377
10090.00	28.854088
10100.00	58.762260
10110.00	106.556900
10120.00	12.443989
10130.00	166.956451
10140.00	59.250198
10150.00	33.481865
10160.00	17.269644
10170.00	19.026972
10180.00	84.353134
10190.00	116.495422
10200.00	296.397095
10210.00	368.562592
10220.00	69.219543
10230.00	278.078979
10240.00	403.134979
10250.00	115.127754
10260.00	118.943527
10270.00	342.988342
10280.00	149.073883
10290.00	90.529320
10300.00	17.762060
10310.00	32.251217
10320.00	16.521646
10330.00	55.887840
10340.00	40.595928
10350.00	182.660202
10360.00	109.850769
10370.00	33.649391
10380.00	19.344574
10390.00	14.846153
10400.00	89.205750
10410.00	61.717987
10420.00	96.452576
10430.00	262.639771
10440.00	235.279633
10450.00	312.925018
10460.00	237.059708
10470.00	196.532257
10480.00	49.545143
10490.00	256.183319
10500.00	39.262169
10510.00	114.194946
10520.00	137.961029
10530.00	29.547956
10540.00	16.481960
10550.00	65.420547
10560.00	27.034582
10570.00	74.823814
10580.00	38.228180
10590.00	10.080758
10600.00	35.353104
10610.00	40.108978
10620.00	17.030544
10630.00	51.524731
10640.00	142.014832
10650.00	62.269623
10660.00	6.768918
10670.00	110.368622
10680.00	287.990814
10690.00	74.217422
10700.00	158.995926
10710.00	264.103058
10720.00	64.472046
10730.00	190.440109
10740.00	123.416489
10750.00	31.435526
10760.00	49.501308
10770.00	15.350852
10780.00	42.433487
10790.00	31.005545
10800.00	80.768120
10810.00	34.612099
10820.00	61.675522
10830.00	38.243313
10840.00	10.675435
10850.00	2.616949
10860.00	38.845932
10870.00	95.648041
10880.00	102.908302
10890.00	321.726837
10900.00	65.468910
10910.00	116.832977
10920.00	192.640503
10930.00	300.997070
10940.00	41.454453
10950.00	259.091766
10960.00	52.848751
10970.00	73.717911
10980.00	57.681271
10990.00	30.853933
11000.00	25.705078
11010.00	89.267288
11020.00	104.502769
11030.00	85.298294
11040.00	96.396202
11050.00	83.962486
11060.00	34.633659
11070.00	12.849506
11080.00	20.519953
11090.00	78.875725
11100.00	55.244724
11110.00	135.954926
11120.00	289.478149
11130.00	184.464600
11140.00	260.392029
11150.00	175.789749
11160.00	156.746048
11170.00	126.985741
11180.00	265.041504
11190.00	185.351837
11200.00	34.877068
11210.00	6.750633
11220.00	13.080393
11230.00	42.627155
11240.00	94.567581
11250.00	66.268280
11260.00	109.994431
11270.00	24.909540
11280.00	50.664772
11290.00	47.055614
11300.00	21.162861
11310.00	20.562819
11320.00	51.412682
11330.00	42.051476
11340.00	195.594940
11350.00	329.266785
11360.00	257.467743
11370.00	166.702393
11380.00	107.172554
11390.00	459.141937
11400.00	174.443512
11410.00	147.503036
11420.00	178.535629
11430.00	72.996735
11440.00	36.761089
11450.00	10.149050
11460.00	23.002710
11470.00	39.527100
11480.00	131.696976
11490.00	72.559875
11500.00	42.831951
11510.00	7.498816
11520.00	22.584709
11530.00	28.569263
11540.00	15.053061
11550.00	34.316357
11560.00	84.759598
11570.00	308.535034
11580.00	49.553791
11590.00	427.294556
11600.00	148.107681
11610.00	242.782059
11620.00	109.020508
11630.00	177.438553
11640.00	95.131958
11650.00	136.056519
11660.00	99.984726
11670.00	3.189571
11680.00	15.814013
11690.00	39.810863
11700.00	33.314739
11710.00	83.844749
11720.00	42.039619
11730.00	64.328453
11740.00	43.162197
11750.00	9.094463
11760.00	6.660612
11770.00	110.320984
11780.00	82.423965
11790.00	93.746956
11800.00	202.082489
11810.00	96.992691
11820.00	271.820831
11830.00	256.051208
11840.00	100.517052
11850.00	291.346588
11860.00	175.996368
11870.00	63.676796
11880.00	123.025810
11890.00	44.594143
11900.00	25.240372
11910.00	17.750849
11920.00	59.465874
11930.00	150.049271
11940.00	110.533066
11950.00	88.391670
11960.00	28.054171
11970.00	33.164509
11980.00	14.327459
11990.00	24.186724
12000.00	104.124542
12010.00	39.418800
12020.00	295.828674
12030.00	212.440247
12040.00	99.292801
12050.00	133.339432
12060.00	89.921082
12070.00	325.246765
12080.00	197.720505
12090.00	170.543671
12100.00	115.494629
12110.00	30.224350
12120.00	51.627926
12130.00	11.320142
12140.00	37.921154
12150.00	95.936188
12160.00	70.605949
12170.00	11.378402
12180.00	34.232731
12190.00	40.469563
12200.00	23.834869
12210.00	2.398423
12220.00	67.569473
12230.00	84.210098
12240.00	174.382919
12250.00	338.175934
12260.00	80.405403
12270.00	207.770203
12280.00	278.770782
12290.00	166.935562
12300.00	331.165192
12310.00	352.166107
12320.00	131.803482
12330.00	206.532837
12340.00	72.063843
12350.00	82.606979
12360.00	8.193209
12370.00	14.611197
12380.00	14.256840
12390.00	86.992065
12400.00	102.715668
12410.00	57.478767
12420.00	38.822121
12430.00	10.146144
12440.00	18.030697
12450.00	76.224213
12460.00	53.261791
12470.00	101.508072
12480.00	104.903549
12490.00	215.509598
12500.00	314.498932
12510.00	94.058716
12520.00	171.317108
12530.00	55.299530
12540.00	86.811371
12550.00	91.840004
12560.00	102.613190
12570.00	22.763288
12580.00	52.631580
12590.00	12.667795
12600.00	47.159809
12610.00	44.396938
12620.00	67.310974
12630.00	21.139145
12640.00	54.245972
12650.00	22.887928
12660.00	12.880995
12670.00	33.504597
12680.00	112.468071
12690.00	109.408943
12700.00	141.552689
12710.00	96.841949
12720.00	322.531464
12730.00	143.060776
12740.00	61.489376
12750.00	178.557816
12760.00	254.647171
12770.00	365.694885
12780.00	122.837112
12790.00	143.206024
12800.00	97.413582
12810.00	33.226257
12820.00	38.044323
12830.00	54.271145
12840.00	38.206093
12850.00	47.802017
12860.00	70.008797
12870.00	60.177494
12880.00	19.306074
12890.00	12.677172
12900.00	79.546555
12910.00	69.358353
12920.00	125.324356
12930.00	127.786446
12940.00	284.631592
12950.00	82.247261
12960.00	216.505402
12970.00	207.299408
12980.00	162.575546
12990.00	276.860168
13000.00	48.933739
13010.00	46.503674
13020.00	152.332581
13030.00	46.401344
13040.00	9.461407
13050.00	30.074743
13060.00	25.937773
13070.00	84.200081
13080.00	109.000526
13090.00	14.757128
13100.00	45.249550
13110.00	35.879223
13120.00	9.934967
13130.00	98.679161
13140.00	79.601273
13150.00	80.649300
13160.00	191.163956
13170.00	360.610504
13180.00	146.096771
13190.00	141.811111
13200.00	226.689209
13210.00	181.963821
13220.00	41.318275
13230.00	52.758514
13240.00	179.122498
13250.00	130.059204
13260.00	37.252884
13270.00	12.027016
13280.00	45.477505
13290.00	33.890282
13300.00	101.301888
13310.00	62.254929
13320.00	96.147804
13330.00	130.807938
13340.00	49.155933
13350.00	40.799141
13360.00	50.678722
13370.00	105.436554
13380.00	113.744225
13390.00	283.630188
13400.00	153.842636
13410.00	221.307190
13420.00	266.354889
13430.00	93.297066
13440.00	322.818939
13450.00	230.065109
13460.00	113.184570
13470.00	114.597122
13480.00	99.692650
13490.00	35.690006
13500.00	25.106201
13510.00	22.333723
13520.00	70.229836
13530.00	112.882759
13540.00	113.119339
13550.00	74.989998
13560.00	58.944126
13570.00	17.098190
13580.00	42.070923
13590.00	102.352226
13600.00	98.700729
13610.00	206.652924
13620.00	292.263733
13630.00	122.800186
13640.00	92.184906
13650.00	386.168304
13660.00	101.010139
13670.00	188.780640
13680.00	218.769485
13690.00	109.819794
13700.00	34.384052
13710.00	132.008286
13720.00	10.318783
13730.00	9.135229
13740.00	39.472008
13750.00	49.668484
13760.00	22.327517
13770.00	38.747829
13780.00	36.774670
13790.00	61.710468
13800.00	4.950627
13810.00	26.405479
13820.00	62.143696
13830.00	149.282990
13840.00	80.342964
13850.00	70.401306
13860.00	334.919098
13870.00	121.202866
13880.00	387.804718
13890.00	170.473419
13900.00	170.410583
13910.00	28.908482
13920.00	161.362762
13930.00	129.435287
13940.00	43.004906
13950.00	7.690382
13960.00	48.157818
13970.00	44.982319
13980.00	79.955170
13990.00	45.782951
14000.00	74.588730
14010.00	23.628029
14020.00	9.746344
14030.00	17.097021
14040.00	35.273148
14050.00	60.364536
14060.00	110.131149
14070.00	57.405994
14080.00	128.282730
14090.00	268.803253
14100.00	5.183162
14110.00	336.685181
14120.00	127.551254
14130.00	86.075241
14140.00	107.511253
14150.00	101.157944
14160.00	70.640327
14170.00	50.519508
14180.00	12.851238
14190.00	86.513008
14200.00	50.100311
14210.00	54.974812
14220.00	87.052002
14230.00	105.423302
14240.00	76.983765
14250.00	16.946156
14260.00	18.420845
14270.00	56.878139
14280.00	105.312576
14290.00	15.128411
14300.00	168.976715
14310.00	254.371567
14320.00	155.355057
14330.00	307.540863
14340.00	176.176346
14350.00	145.010666
14360.00	259.718536
14370.00	237.438477
14380.00	10.440467
14390.00	84.888306
14400.00	8.775311
14410.00	10.853476
14420.00	88.202827
14430.00	68.474533
14440.00	128.487152
14450.00	74.003883
14460.00	75.483719
14470.00	78.203987
14480.00	37.426746
14490.00	6.762646
14500.00	84.372734
14510.00	141.753662
14520.00	73.255089
14530.00	323.718903
14540.00	300.741425
14550.00	241.463577
14560.00	197.907410
14570.00	508.359100
14580.00	112.116386
14590.00	356.488831
14600.00	208.494644
14610.00	111.142281
14620.00	59.980587
14630.00	20.879305
14640.00	39.155563
14650.00	38.117611
14660.00	40.713627
14670.00	13.744599
14680.00	27.835545
14690.00	80.738503
14700.00	43.013130
14710.00	9.626396
14720.00	44.527660
14730.00	71.551270
14740.00	89.809471
14750.00	140.580399
14760.00	63.889339
14770.00	337.208435
14780.00	266.718231
14790.00	145.671738
14800.00	652.163879
14810.00	167.383789
14820.00	130.522629
14830.00	19.861752
14840.00	202.052628
14850.00	16.812519
14860.00	21.577806
14870.00	10.429027
14880.00	71.057808
14890.00	25.742645
14900.00	154.948715
14910.00	17.044603
14920.00	114.328568
14930.00	6.006217
14940.00	2.367660
14950.00	81.972702
14960.00	87.016724
14970.00	181.347168
14980.00	17.388044
14990.00	120.248154
15000.00	89.886589
15010.00	415.278168
15020.00	337.337891
15030.00	454.133606
15040.00	92.857887
15050.00	249.927048
15060.00	159.732239
15070.00	22.926458
15080.00	13.176805
15090.00	11.755714
15100.00	55.413094
15110.00	97.322151
15120.00	32.504154
15130.00	38.245956
15140.00	50.494640
15150.00	72.314354
15160.00	11.511743
15170.00	10.530408
15180.00	40.939739
15190.00	112.492165
15200.00	109.820068
15210.00	160.424347
15220.00	286.798859
15230.00	260.882080
15240.00	214.236496
15250.00	154.172913
15260.00	242.727676
15270.00	105.686028
15280.00	120.815468
15290.00	84.871628
15300.00	68.642120
15310.00	55.283821
15320.00	7.587166
15330.00	44.289883
15340.00	53.420830
15350.00	87.594467
15360.00	34.497829
15370.00	64.435768
15380.00	11.527217
15390.00	8.160090
15400.00	13.094088
15410.00	71.938629
15420.00	127.914001
15430.00	184.745865
15440.00	14.377367
15450.00	67.138420
15460.00	264.737640
15470.00	146.393707
15480.00	129.107681
15490.00	128.461594
15500.00	148.197266
15510.00	146.750961
15520.00	80.214546
15530.00	31.693388
15540.00	15.294170
15550.00	42.837193
15560.00	37.680832
15570.00	78.630821
15580.00	57.403858
15590.00	42.825878
15600.00	39.961246
15610.00	11.941516
15620.00	2.775382
15630.00	37.161545
15640.00	93.225723
15650.00	74.078842
15660.00	23.128572
15670.00	35.499825
15680.00	232.230881
15690.00	262.736633
15700.00	341.829987
15710.00	395.521515
15720.00	226.633759
15730.00	169.721008
15740.00	42.712044
15750.00	114.158333
15760.00	33.939098
15770.00	12.083080
15780.00	41.441101
15790.00	35.639362
15800.00	113.493820
15810.00	70.067238
15820.00	27.318970
15830.00	57.618568
15840.00	46.847477
15850.00	9.322032
15860.00	77.758575
15870.00	92.104492
15880.00	353.299774
15890.00	366.743896
15900.00	214.592056
15910.00	373.055023
15920.00	57.976147
15930.00	291.676910
15940.00	240.619537
15950.00	160.027283
15960.00	226.526520
15970.00	48.394722
15980.00	154.714417
15990.00	41.197857
16000.00	6.310062
16010.00	72.460701
16020.00	35.068501
16030.00	81.875511
16040.00	81.699242
16050.00	47.558350
16060.00	0.481283
16070.00	19.315172
16080.00	15.999464
16090.00	35.052940
16100.00	59.611481
16110.00	133.648117
16120.00	157.861557
16130.00	275.077057
16140.00	310.154816
16150.00	81.317368
16160.00	180.186325
16170.00	195.106659
16180.00	208.776474
16190.00	151.241211
16200.00	180.997650
16210.00	47.562683
16220.00	12.657097
16230.00	8.455811
16240.00	34.202141
16250.00	93.808983
16260.00	60.300320
16270.00	83.525108
16280.00	142.167465
16290.00	37.014748
16300.00	26.395477
16310.00	24.227531
16320.00	99.054337
16330.00	68.952896
16340.00	54.915939
16350.00	154.022781
16360.00	272.968353
16370.00	139.174973
16380.00	77.677376
16390.00	101.129005
16400.00	51.165405
16410.00	233.518326
16420.00	150.525681
16430.00	107.492020
16440.00	16.908396
16450.00	22.567467
16460.00	29.071224
16470.00	82.103546
16480.00	73.764160
16490.00	44.269672
16500.00	98.227867
16510.00	71.162148
16520.00	19.877838
16530.00	5.232998
16540.00	39.799236
16550.00	90.216759
16560.00	63.457462
16570.00	182.708847
16580.00	130.248016
16590.00	135.744385
16600.00	250.899841
16610.00	214.723282
16620.00	192.942429
16630.00	186.343445
16640.00	141.644150
16650.00	66.930069
16660.00	78.935089
16670.00	43.965260
16680.00	15.433946
16690.00	35.266018
16700.00	49.476517
16710.00	26.736753
16720.00	95.837135
16730.00	59.794918
16740.00	72.173073
16750.00	30.266037
16760.00	6.058595
16770.00	39.902935
16780.00	157.623901
16790.00	144.710159
16800.00	188.534103
16810.00	183.479279
16820.00	225.345337
16830.00	358.236115
16840.00	181.827499
16850.00	329.760010
16860.00	176.547119
16870.00	203.785889
16880.00	100.219002
16890.00	114.516594
16900.00	59.389568
16910.00	15.938874
16920.00	24.524931
16930.00	62.913620
16940.00	109.073990
16950.00	98.637856
16960.00	29.313864
16970.00	41.817886
16980.00	8.763759
16990.00	13.753847
17000.00	35.616627
17010.00	40.111469
17020.00	186.299011
17030.00	98.033966
17040.00	182.500687
17050.00	92.742569
17060.00	85.907928
17070.00	399.163544
17080.00	101.448792
17090.00	320.332947
17100.00	242.319717
17110.00	30.274843
17120.00	45.785225
17130.00	13.676696
17140.00	11.916575
17150.00	53.553440
17160.00	109.223358
17170.00	50.088696
17180.00	63.564945
17190.00	94.944420
17200.00	15.064006
17210.00	8.315893
17220.00	11.491565
17230.00	90.733253
17240.00	104.009689
17250.00	82.130356
17260.00	316.938721
17270.00	99.501228
17280.00	113.007584
17290.00	150.361557
17300.00	96.509941
17310.00	145.310913
17320.00	133.011658
17330.00	218.047867
17340.00	36.417614
17350.00	26.735558
17360.00	23.644693
17370.00	24.519335
17380.00	39.670273
17390.00	35.156666
17400.00	44.060318
17410.00	23.709782
17420.00	97.697495
17430.00	42.318096
17440.00	1.845031
17450.00	34.272388
17460.00	10.614848
17470.00	173.449448
17480.00	262.213196
17490.00	97.216492
17500.00	265.798737
17510.00	204.515823
17520.00	14.155715
17530.00	214.068176
17540.00	135.381592
17550.00	396.269348
17560.00	181.596298
17570.00	134.700546
17580.00	84.959183
17590.00	18.137196
17600.00	52.522625
17610.00	41.741882
17620.00	82.748497
17630.00	14.085205
17640.00	99.455887
17650.00	29.444908
17660.00	46.599041
17670.00	21.354744
17680.00	32.160839
17690.00	128.941895
17700.00	175.726974
17710.00	287.479614
17720.00	353.957703
17730.00	351.370911
17740.00	357.185852
17750.00	109.283356
17760.00	79.321686
17770.00	241.800003
17780.00	269.714844
17790.00	168.123413
17800.00	33.835033
17810.00	31.064377
17820.00	10.407302
17830.00	47.409393
17840.00	139.183914
17850.00	147.062378
17860.00	133.511993
17870.00	30.451796
17880.00	65.196739
17890.00	52.824982
17900.00	29.077745
17910.00	103.232643
17920.00	101.337097
17930.00	110.900909
17940.00	132.498672
17950.00	280.705963
17960.00	306.762085
17970.00	383.059509
17980.00	126.608322
17990.00	212.410187
18000.00	96.556824
18010.00	146.180176
18020.00	155.668381
18030.00	79.867889
18040.00	50.270435
18050.00	10.356751
18060.00	2.975768
18070.00	112.932159
18080.00	62.316120
18090.00	158.085251
18100.00	117.284569
18110.00	29.729206
18120.00	18.107578
18130.00	18.109119
18140.00	120.701996
18150.00	109.561447
18160.00	225.981628
18170.00	258.510162
18180.00	321.423615
18190.00	314.319153
18200.00	279.983490
18210.00	173.933319
18220.00	123.881859
18230.00	376.689606
18240.00	74.767555
18250.00	65.812660
18260.00	99.893562
18270.00	30.769493
18280.00	7.305236
18290.00	81.763000
18300.00	67.717331
18310.00	73.143837
18320.00	10.308208
18330.00	62.560417
18340.00	17.512543
18350.00	6.468051
18360.00	30.431604
18370.00	94.122421
18380.00	68.778946
18390.00	176.328430
18400.00	151.049194
18410.00	25.757416
18420.00	323.922211
18430.00	106.116707
18440.00	221.960159
18450.00	280.223022
18460.00	55.552837
18470.00	59.651936
18480.00	126.859207
18490.00	89.129196
18500.00	9.749186
18510.00	56.128967
18520.00	63.060051
18530.00	96.698021
18540.00	26.749821
18550.00	26.249220
18560.00	47.770634
18570.00	13.282652
18580.00	5.378314
18590.00	26.725710
18600.00	39.683472
18610.00	124.252502
18620.00	100.533928
18630.00	310.942078
18640.00	151.252747
18650.00	239.945526
18660.00	101.326988
18670.00	105.309807
18680.00	14.438972
18690.00	267.272461
18700.00	257.979797
18710.00	111.311638
18720.00	20.029440
18730.00	9.164478
18740.00	22.821203
18750.00	98.641396
18760.00	161.012802
18770.00	73.454849
18780.00	78.893654
18790.00	52.921566
18800.00	35.091003
18810.00	13.888945
18820.00	110.512543
18830.00	84.798790
18840.00	155.002792
18850.00	190.591751
18860.00	186.668472
18870.00	305.021393
18880.00	108.699020
18890.00	168.940781
18900.00	177.474915
18910.00	171.428299
18920.00	211.730148
18930.00	184.117401
18940.00	67.590385
18950.00	18.856300
18960.00	9.210635
18970.00	65.003639
18980.00	34.282307
18990.00	83.238235
19000.00	86.706192
19010.00	83.662560
19020.00	57.555012
19030.00	21.893076
19040.00	44.739933
19050.00	83.013084
19060.00	52.172966
19070.00	113.362007
19080.00	174.255203
19090.00	262.465851
19100.00	352.318756
19110.00	301.441254
19120.00	88.341278
19130.00	345.536316
19140.00	205.049225
19150.00	140.101746
19160.00	71.750443
19170.00	22.206530
19180.00	35.861149
19190.00	20.829369
19200.00	48.455345
19210.00	59.862350
19220.00	44.522053
19230.00	17.099314
19240.00	40.191536
19250.00	25.042110
19260.00	6.565529
19270.00	77.275497
19280.00	61.268143
19290.00	87.717865
19300.00	119.169624
19310.00	31.090246
19320.00	212.458542
19330.00	197.842560
19340.00	103.116653
19350.00	119.925087
19360.00	238.972473
19370.00	288.718933
19380.00	107.684319
19390.00	140.779892
19400.00	64.795372
19410.00	7.668272
19420.00	28.824190
19430.00	93.342567
19440.00	179.240875
19450.00	49.928738
19460.00	107.740280
19470.00	22.808378
19480.00	11.530837
19490.00	1.505000
19500.00	75.027245
19510.00	20.506441
19520.00	83.059021
19530.00	100.546486
19540.00	186.577911
19550.00	186.385849
19560.00	132.335800
19570.00	228.052017
19580.00	98.362938
19590.00	263.496704
19600.00	99.661507
19610.00	184.301270
19620.00	130.354355
19630.00	38.491230
19640.00	4.929819
19650.00	52.493050
19660.00	96.701340
19670.00	72.874603
19680.00	87.047012
19690.00	63.868835
19700.00	60.285477
19710.00	29.348320
19720.00	11.134686
19730.00	34.865803
19740.00	56.579731
19750.00	143.569229
19760.00	110.153725
19770.00	285.458893
19780.00	290.814697
19790.00	28.356899
19800.00	263.734192
19810.00	128.341751
19820.00	293.813507
19830.00	195.105560
19840.00	96.785355
19850.00	113.140167
19860.00	11.894786
19870.00	9.386119
19880.00	20.117453
19890.00	16.204693
19900.00	117.052315
19910.00	20.612028
19920.00	110.691292
19930.00	69.083382
19940.00	28.074766
19950.00	13.159123
19960.00	29.615210
19970.00	77.560295
19980.00	32.102077
19990.00	75.124481
20000.00	121.357895

======================================================================
TIME-DOMAIN SAMPLES (first 200 original vs filtered)
======================================================================
0	0.00000000	0.00000000
1	0.30603027	0.00000000
2	0.21563721	0.00000000
3	0.21856689	0.00000000
4	0.18701172	0.00000000
5	0.22494507	0.00000000
6	0.23956299	0.00000000
7	0.24853516	0.00000000
8	0.22015381	0.00000000
9	0.14035034	0.00000000
10	0.27514648	0.00000000
11	0.23541260	0.00000000
12	0.14474487	0.00000000
13	0.26849365	0.00000000
14	0.22784424	0.00000000
15	0.18432617	0.00000000
16	0.16235352	0.00000000
17	0.25881958	0.00000000
18	0.22473145	0.00000000
19	0.20471191	0.00000000
20	0.21667480	0.00000000
21	0.12802124	0.00000000
22	0.19894409	0.00000000
23	0.30126953	0.00000000
24	0.23205566	0.00000000
25	0.12985229	0.00000000
26	0.14529419	0.00000000
27	0.22528076	0.00000000
28	0.17053223	0.00000000
29	0.28805542	0.00000000
30	0.23297119	0.00000000
31	0.13061523	0.00000000
32	0.14199829	0.00000000
33	0.17092896	0.00000000
34	0.20538330	0.00000000
35	0.21160889	0.00000000
36	0.26556396	0.00000000
37	0.20355225	-0.00003052
38	0.12832642	-0.00003052
39	0.25350952	-0.00003052
40	0.07791138	-0.00003052
41	0.10125732	-0.00003052
42	0.19387817	-0.00003052
43	0.26202393	-0.00003052
44	0.24578857	-0.00006104
45	0.20269775	-0.00006104
46	0.21981812	-0.00006104
47	0.13497925	-0.00006104
48	0.13626099	-0.00009155
49	0.17361450	-0.00009155
50	-0.00128174	-0.00009155
51	0.19888306	-0.00009155
52	0.23995972	-0.00012207
53	0.21936035	-0.00012207
54	0.15774536	-0.00015259
55	0.23278809	-0.00015259
56	0.25253296	-0.00018311
57	0.16632080	-0.00018311
58	0.16445923	-0.00021362
59	0.11358643	-0.00021362
60	0.05047607	-0.00024414
61	0.16790771	-0.00027466
62	0.06536865	-0.00030518
63	0.10198975	-0.00030518
64	0.19482422	-0.00033569
65	0.33978271	-0.00036621
66	0.17944336	-0.00039673
67	0.11892700	-0.00042725
68	0.17443848	-0.00045776
69	0.20382690	-0.00048828
70	0.24438477	-0.00051880
71	0.22598267	-0.00057983
72	0.07647705	-0.00061035
73	0.03219604	-0.00064087
74	0.06692505	-0.00070190
75	0.14294434	-0.00073242
76	-0.00314331	-0.00079346
77	0.16125488	-0.00082397
78	0.16525269	-0.00085449
79	0.16900635	-0.00091553
80	0.22317505	-0.00097656
81	0.22985840	-0.00103760
82	0.16802979	-0.00109863
83	0.11437988	-0.00115967
84	0.15338135	-0.00122070
85	0.20352173	-0.00128174
86	0.16003418	-0.00137329
87	0.33276367	-0.00143433
88	0.07714844	-0.00152588
89	0.04077148	-0.00158691
90	0.04580688	-0.00167847
91	0.06848145	-0.00180054
92	0.05935669	-0.00186157
93	0.07711792	-0.00201416
94	0.08843994	-0.00207520
95	0.02313232	-0.00222778
96	0.08148193	-0.00231934
97	0.29733276	-0.00244141
98	0.19635010	-0.00259399
99	0.25595093	-0.00265503
100	0.10455322	-0.00286865
101	0.08831787	-0.00296021
102	0.11883545	-0.00311279
103	0.23367310	-0.00326538
104	0.16836548	-0.00335693
105	0.09106445	-0.00357056
106	0.18765259	-0.00363159
107	0.24697876	-0.00384521
108	0.14004517	-0.00396729
109	0.12008667	-0.00408936
110	-0.02191162	-0.00433350
111	0.01358032	-0.00436401
112	0.01004028	-0.00463867
113	0.11477661	-0.00473022
114	-0.00671387	-0.00491333
115	0.05566406	-0.00512695
116	0.09054565	-0.00515747
117	0.00973511	-0.00552368
118	0.03274536	-0.00552368
119	0.18728638	-0.00582886
120	0.25134277	-0.00598145
121	0.23379517	-0.00610352
122	0.11569214	-0.00646973
123	0.15762329	-0.00643921
124	0.03125000	-0.00686646
125	0.21527100	-0.00692749
126	0.10983276	-0.00717163
127	0.04354858	-0.00744629
128	0.13327026	-0.00744629
129	0.20718384	-0.00793457
130	0.18182373	-0.00784302
131	0.13662720	-0.00823975
132	0.14700317	-0.00833130
133	0.15963745	-0.00839233
134	0.03375244	-0.00881958
135	0.15167236	-0.00860596
136	-0.07623291	-0.00912476
137	-0.03073120	-0.00894165
138	0.02032471	-0.00915527
139	0.02926636	-0.00939941
140	0.00549316	-0.00912476
141	0.04241943	-0.00970459
142	0.06152344	-0.00927734
143	-0.00830078	-0.00970459
144	-0.01287842	-0.00964355
145	0.10397339	-0.00952148
146	0.00762939	-0.00997925
147	0.16705322	-0.00936890
148	0.21145630	-0.01000977
149	0.24832153	-0.00952148
150	0.15289307	-0.00967407
151	0.14190674	-0.00979614
152	0.04724121	-0.00915527
153	0.02413940	-0.00979614
154	0.12942505	-0.00881958
155	0.13299561	-0.00924683
156	0.05432129	-0.00875854
157	0.13226318	-0.00823975
158	0.10147095	-0.00860596
159	0.10961914	-0.00723267
160	0.06671143	-0.00784302
161	0.25411987	-0.00659180
162	0.14358521	-0.00640869
163	0.12646484	-0.00613403
164	0.08728027	-0.00469971
165	0.00103760	-0.00527954
166	0.05075073	-0.00329590
167	0.07629395	-0.00354004
168	-0.04968262	-0.00231934
169	-0.12313843	-0.00112915
170	-0.06750488	-0.00122070
171	0.13281250	0.00128174
172	-0.04370117	0.00076294
173	0.00988770	0.00320435
174	-0.05639648	0.00393677
175	-0.02621460	0.00488281
176	0.08560181	0.00759888
177	0.03903198	0.00729370
178	-0.05200195	0.01089478
179	-0.05062866	0.01107788
180	0.05688477	0.01358032
181	0.13876343	0.01602173
182	0.11993408	0.01651001
183	0.32705688	0.02096558
184	0.19290161	0.02081299
185	0.09747314	0.02514648
186	0.03012085	0.02685547
187	0.01858521	0.02896118
188	0.06567383	0.03366089
189	0.11575317	0.03384399
190	0.08938599	0.03994751
191	-0.01171875	0.04083252
192	0.04000854	0.04531860
193	0.17202759	0.04959106
194	0.06210327	0.05105591
195	0.07275391	0.05841064
196	0.05020142	0.05889893
197	0.10614014	0.06613159
198	0.12628174	0.06933594
199	0.21484375	0.07327271
